Running 5m test @ http://localhost:5000
  4 threads and 8 connections
  Thread calibration: mean lat.: 4753.024ms, rate sampling interval: 14917ms
  Thread calibration: mean lat.: 4794.912ms, rate sampling interval: 15114ms
  Thread calibration: mean lat.: 4702.416ms, rate sampling interval: 14778ms
  Thread calibration: mean lat.: 4679.936ms, rate sampling interval: 14761ms
  Thread Stats   Avg      Stdev     Max   +/- Stdev
    Latency     2.42m     1.33m    4.72m    57.85%
    Req/Sec     1.00      0.00     1.00    100.00%
  Latency Distribution (HdrHistogram - Recorded Latency)
 50.000%    2.43m 
 75.000%    3.57m 
 90.000%    4.26m 
 99.000%    4.68m 
 99.900%    4.73m 
 99.990%    4.73m 
 99.999%    4.73m 
100.000%    4.73m 

  Detailed Percentile spectrum:
       Value   Percentile   TotalCount 1/(1-Percentile)

    9453.567     0.000000            1         1.00
   34766.847     0.100000          160         1.11
   62259.199     0.200000          320         1.25
   89784.319     0.300000          480         1.43
  117112.831     0.400000          637         1.67
  145620.991     0.500000          796         2.00
  159383.551     0.550000          877         2.22
  173146.111     0.600000          956         2.50
  186908.671     0.650000         1035         2.86
  200802.303     0.700000         1115         3.33
  214302.719     0.750000         1194         4.00
  221249.535     0.775000         1234         4.44
  227934.207     0.800000         1274         5.00
  235012.095     0.825000         1315         5.71
  241958.911     0.850000         1355         6.67
  248643.583     0.875000         1393         8.00
  252444.671     0.887500         1414         8.89
  255459.327     0.900000         1433        10.00
  259129.343     0.912500         1453        11.43
  262275.071     0.925000         1473        13.33
  265945.087     0.937500         1493        16.00
  267649.023     0.943750         1503        17.78
  269221.887     0.950000         1513        20.00
  271056.895     0.956250         1523        22.86
  273416.191     0.962500         1535        26.67
  274989.055     0.968750         1544        32.00
  276037.631     0.971875         1548        35.56
  276561.919     0.975000         1554        40.00
  277610.495     0.978125         1558        45.71
  278396.927     0.981250         1563        53.33
  279183.359     0.984375         1568        64.00
  279445.503     0.985938         1570        71.11
  280494.079     0.987500         1573        80.00
  280756.223     0.989062         1577        91.43
  281018.367     0.990625         1578       106.67
  281804.799     0.992188         1580       128.00
  282066.943     0.992969         1582       142.22
  282329.087     0.993750         1586       160.00
  282329.087     0.994531         1586       182.86
  282329.087     0.995313         1586       213.33
  282329.087     0.996094         1586       256.00
  282853.375     0.996484         1587       284.44
  283115.519     0.996875         1588       320.00
  283115.519     0.997266         1588       365.71
  283377.663     0.997656         1589       426.67
  283377.663     0.998047         1589       512.00
  283639.807     0.998242         1592       568.89
  283639.807     1.000000         1592          inf
#[Mean    =   145368.898, StdDeviation   =    79607.063]
#[Max     =   283377.664, Total count    =         1592]
#[Buckets =           27, SubBuckets     =         2048]
----------------------------------------------------------

  Latency Distribution (HdrHistogram - Uncorrected Latency (measured without taking delayed starts into account))
 50.000%    1.46s 
 75.000%    1.49s 
 90.000%    1.53s 
 99.000%    1.64s 
 99.900%    1.77s 
 99.990%    1.81s 
 99.999%    1.81s 
100.000%    1.81s 

  Detailed Percentile spectrum:
       Value   Percentile   TotalCount 1/(1-Percentile)

    1064.959     0.000000            1         1.00
    1394.687     0.100000          166         1.11
    1426.431     0.200000          323         1.25
    1438.719     0.300000          482         1.43
    1451.007     0.400000          645         1.67
    1461.247     0.500000          799         2.00
    1467.391     0.550000          887         2.22
    1471.487     0.600000          966         2.50
    1477.631     0.650000         1042         2.86
    1483.775     0.700000         1124         3.33
    1491.967     0.750000         1199         4.00
    1497.087     0.775000         1246         4.44
    1501.183     0.800000         1282         5.00
    1505.279     0.825000         1318         5.71
    1510.399     0.850000         1355         6.67
    1518.591     0.875000         1396         8.00
    1523.711     0.887500         1417         8.89
    1529.855     0.900000         1434        10.00
    1533.951     0.912500         1453        11.43
    1542.143     0.925000         1474        13.33
    1551.359     0.937500         1493        16.00
    1555.455     0.943750         1504        17.78
    1562.623     0.950000         1513        20.00
    1571.839     0.956250         1525        22.86
    1579.007     0.962500         1534        26.67
    1586.175     0.968750         1544        32.00
    1592.319     0.971875         1548        35.56
    1600.511     0.975000         1553        40.00
    1606.655     0.978125         1558        45.71
    1609.727     0.981250         1563        53.33
    1617.919     0.984375         1568        64.00
    1622.015     0.985938         1570        71.11
    1625.087     0.987500         1573        80.00
    1632.255     0.989062         1575        91.43
    1643.519     0.990625         1578       106.67
    1650.687     0.992188         1580       128.00
    1651.711     0.992969         1581       142.22
    1660.927     0.993750         1583       160.00
    1666.047     0.994531         1586       182.86
    1666.047     0.995313         1586       213.33
    1666.047     0.996094         1586       256.00
    1671.167     0.996484         1587       284.44
    1683.455     0.996875         1588       320.00
    1683.455     0.997266         1588       365.71
    1725.439     0.997656         1589       426.67
    1725.439     0.998047         1589       512.00
    1772.543     0.998242         1590       568.89
    1772.543     0.998437         1590       640.00
    1772.543     0.998633         1590       731.43
    1811.455     0.998828         1592       853.33
    1811.455     1.000000         1592          inf
#[Mean    =     1459.226, StdDeviation   =       69.450]
#[Max     =     1810.432, Total count    =         1592]
#[Buckets =           27, SubBuckets     =         2048]
----------------------------------------------------------
  1658 requests in 5.00m, 1.27MB read
Requests/sec:      5.52
Transfer/sec:      4.32KB
