procs -----------------------memory---------------------- ---swap-- -----io---- -system-- --------cpu--------
 r  b         swpd         free         buff        cache   si   so    bi    bo   in   cs  us  sy  id  wa  st
 2  0        50176     15434764      1038460     10532668    0    0    12    52    0    2   4   1  92   3   0
 2  0        50176     15426944      1038460     10540120    0    0     0     0 1072 2746   3   1  96   0   0
 1  0        50176     15426764      1038460     10539840    0    0     0     0 1105 2228   7   0  93   0   0
 1  0        50176     15433944      1038460     10532540    0    0     0     0 1107 2036   8   0  92   0   0
 1  0        50176     15434128      1038460     10532764    0    0     0     4 1209 2228   7   1  93   0   0
 1  0        50176     15434096      1038460     10532764    0    0     0     0 1147 1981   8   1  92   0   0
 1  0        50176     15434144      1038468     10532252    0    0     0    24 1255 2251   8   0  91   1   0
 1  0        50176     15433684      1038468     10532252    0    0     0     0 1233 2212   8   1  92   0   0
 1  0        50176     15433384      1038468     10532252    0    0     0     0 1137 2081   7   1  92   0   0
 1  0        50176     15434028      1038468     10532476    0    0     0    16 1480 3021   8   1  91   0   0
 1  0        50176     15433956      1038468     10532252    0    0     0     0 1315 2587   8   1  91   0   0
 1  0        50176     15432632      1038468     10533068    0    0     0     0 1190 2678   8   0  92   0   0
 1  0        50176     15432608      1038476     10532672    0    0     0    12 1223 2412   7   0  92   1   0
 1  0        50176     15428096      1038476     10537052    0    0     0     0 1293 2673   8   1  91   0   0
 1  0        50176     15427904      1038476     10537796    0    0     0     0 1122 2174   8   0  92   0   0
 1  0        50176     15432656      1038476     10532908    0    0     0     0 1160 2097   8   0  92   0   0
 1  0        50176     15429500      1038484     10536240    0    0     0    44 1324 2832   8   1  91   1   0
 1  0        50176     15429432      1038484     10535992    0    0     0   120 1235 2237   7   0  92   0   0
 1  0        50176     15428944      1038492     10536504    0    0     0    12 1249 2712   7   0  92   1   0
 1  0        50176     15427276      1038492     10537784    0    0     0     8 1339 2822   8   1  91   0   0
 1  0        50176     15427556      1038492     10537784    0    0     0     0 1292 2330   8   0  92   0   0
procs -----------------------memory---------------------- ---swap-- -----io---- -system-- --------cpu--------
 r  b         swpd         free         buff        cache   si   so    bi    bo   in   cs  us  sy  id  wa  st
 3  0        50176     15427444      1038492     10536616    0    0     0     0 1484 2969   9   1  91   0   0
 1  0        50176     15424776      1038492     10539428    0    0     0    76 1242 2886   8   1  92   0   0
 1  0        50176     15425092      1038492     10539100    0    0     0     0 1242 2554   8   0  92   0   0
 1  0        50176     15428208      1038500     10536180    0    0     0    12 1112 2156   8   0  91   1   0
 1  0        50176     15424300      1038500     10540124    0    0     0     0 1237 2683   7   0  92   0   0
 1  0        50176     15417232      1038500     10547516    0    0     0    20 1324 2745   8   1  91   0   0
 1  0        50176     15421432      1038500     10543300    0    0     0   152 1332 2680   7   1  92   0   0
 1  0        50176     15415120      1038500     10549724    0    0     0     0 1322 2750   8   1  91   0   0
 2  0        50176     15417852      1038500     10547080    0    0     0     8 1486 4138   9   1  90   0   0
 2  0        50176     15415476      1038508     10549580    0    0     0   608 1360 2746   8   1  90   1   0
 1  0        50176     15415452      1038508     10549872    0    0     0     4 1258 2694   8   0  92   0   0
 3  0        50176     15418008      1038508     10547024    0    0     0   124 1371 3929   9   1  90   0   0
 1  0        50176     15413352      1038508     10550864    0    0     0    20 1254 2567   8   1  92   0   0
 1  0        50176     15413900      1038508     10550376    0    0     0   148 1258 2692   8   0  91   0   0
 1  0        50176     15414224      1038508     10549792    0    0     0     0 1202 3456   9   1  91   0   0
 1  0        50176     15418612      1038516     10547048    0    0     0   160 1505 2570   8   1  91   1   0
 1  0        50176     15422208      1038516     10543664    0    0     0     0 1270 2418   7   0  92   0   0
 1  0        50176     15429640      1038516     10536064    0    0     0     0 1265 2531   8   1  91   0   0
 1  0        50176     15429928      1038516     10535784    0    0     0    12 1159 2048   8   0  92   0   0
 1  0        50176     15427936      1038516     10538192    0    0     0     0 1221 2605   8   1  91   0   0
 1  0        50176     15420892      1038516     10545280    0    0     0     0 1254 2830   8   1  92   0   0
procs -----------------------memory---------------------- ---swap-- -----io---- -system-- --------cpu--------
 r  b         swpd         free         buff        cache   si   so    bi    bo   in   cs  us  sy  id  wa  st
 5  0        50176     15423448      1038524     10542208    0    0     0    12 1140 2254   8   0  92   1   0
 1  0        50176     15429444      1038524     10535784    0    0     0     0 1205 2565   8   1  92   0   0
 1  0        50176     15427168      1038524     10539672    0    0     0     0 2072 2631   9   1  91   0   0
 1  0        50176     15413864      1038532     10539724    0    0     0    48 1669 2772   8   1  90   1   0
 2  0        50176     15522796      1038544     10540016    0    0   928   620 13429 6493  18   2  79   0   0
 2  0        50176     15497372      1038560     10547228    0    0    72   196 8760 12543  20   3  76   0   0
 4  0        50176     15438028      1038616     10542696    0    0     0   412 7834 13577  31   2  66   1   0
 1  0        50176     15308056      1038828     10570752    0    0   132   312 21266 38878  41   7  52   0   0
 1  0        50176     15280760      1038844     10599900    0    0     4  1056 9125 13588  13   4  82   1   0
 2  0        50176     15312496      1038952     10592700    0    0     0   784 1891 3963  12   1  87   0   0
 1  0        50176     15287892      1038988     10593100    0    0     4   216 2011 4631   8   1  91   0   0
 1  0        50176     15278660      1038988     10600520    0    0     0   228 1215 2412   9   0  91   0   0
 2  0        50176     15278088      1039004     10600760    0    0     0   360 1240 2676   8   1  90   1   0
 1  0        50176     15283240      1039012     10602412    0    0     0    68 1449 2455  11   1  88   0   0
 1  0        50176     15282580      1039012     10603036    0    0     0     0 1074 2748   7   1  92   0   0
 1  1        50176     15298840      1039016     10608120    0    0     0    76 4068 3430  13   1  86   0   0
 1  0        50176     15304160      1039020     10614624    0    0     0   196 2319 4960  10   0  89   0   0
 1  0        50176     15310828      1039020     10607688    0    0     0     0 1146 2221   8   1  92   0   0
 1  0        50176     15311244      1039032     10607296    0    0     0    92 1256 2526   7   0  91   1   0
 1  0        50176     15307796      1039048     10610436    0    0     0   112 1391 3223   8   1  91   0   0
 1  0        50176     15307936      1039048     10610436    0    0     0     8 1120 2167   7   0  92   0   0
procs -----------------------memory---------------------- ---swap-- -----io---- -system-- --------cpu--------
 r  b         swpd         free         buff        cache   si   so    bi    bo   in   cs  us  sy  id  wa  st
 4  0        50176     15325312      1039048     10600428    0    0     0    28 1201 2124   8   0  92   0   0
 1  0        50176     15321640      1039048     10603500    0    0     0     0 1247 2496   8   1  92   0   0
 1  0        50176     15310316      1039048     10615368    0    0     0    48 1279 2596   7   1  92   0   0
 1  0        50176     15316848      1039056     10610696    0    0     0    20 1219 2418   8   0  91   1   0
 1  0        50176     15352188      1039056     10599216    0    0     0     0 1394 2986   8   1  92   0   0
 1  0        50176     15351848      1039060     10599752    0    0     4     8 1278 2854   9   1  91   0   0
 1  0        50176     15356436      1039084     10595688    0    0     0  2604 1314 2775   8   1  90   0   0
 1  0        50176     15348748      1039084     10602868    0    0     0   520 1326 2604   8   1  91   0   0
 1  0        50176     15349004      1039084     10602448    0    0     0   244 1270 2355   7   1  92   0   0
 1  0        50176     15349236      1039092     10602456    0    0     0    24 1143 2187   8   0  91   1   0
 1  0        50176     15348756      1039092     10602968    0    0     0     0 1177 2218   8   0  92   0   0
 1  0        50176     15342980      1039092     10603124    0    0     0     0 1659 3621  11   1  88   0   0
 1  0        50176     15343812      1039108     10603536    0    0     0   348 1595 3259   8   1  91   0   0
 1  0        50176     15343860      1039124     10603228    0    0     0  1800 1441 2202   7   0  92   0   0
 1  0        50176     15344564      1039124     10602728    0    0     0     0 1102 2160   7   1  93   0   0
 1  0        50176     15344408      1039152     10603224    0    0     4  5748 1401 2243   7   1  91   1   0
 1  0        50176     15343528      1039168     10602932    0    0     0   128 1136 2086   7   0  93   0   0
 1  0        50176     15343780      1039184     10603216    0    0     0   108 1143 2183   7   1  92   0   0
 1  0        50176     15344292      1039184     10603212    0    0     0   436 1221 2153   7   0  92   0   0
 1  0        50176     15344284      1039184     10602700    0    0     0     0 1231 2088   8   1  92   0   0
 1  0        50176     15344416      1039184     10603212    0    0     0     0 1124 2059   7   0  92   0   0
procs -----------------------memory---------------------- ---swap-- -----io---- -system-- --------cpu--------
 r  b         swpd         free         buff        cache   si   so    bi    bo   in   cs  us  sy  id  wa  st
 2  0        50176     15344848      1039196     10602716    0    0     0 61328 1443 2318   8   0  91   1   0
 2  0        50176     15342324      1039200     10603288    0    0     0    60 1178 2880   8   0  92   0   0
 1  0        50176     15341916      1039200     10603520    0    0     0     0 1219 2368   8   1  92   0   0
 1  0        50176     15343048      1039200     10602592    0    0     0     0 1116 2178   7   0  93   0   0
 1  0        50176     15342908      1039200     10602652    0    0     0     0 1101 2116   7   1  92   0   0
 1  0        50176     15311840      1039200     10603908    0    0    16     0 1429 4687  10   1  88   0   0
 1  0        50176     15310500      1039208     10604040    0    0     0    12 1662 4891  10   1  89   1   0
 1  0        50176     15320904      1039208     10603788    0    0     0     0 2803 3749   8   0  92   0   0
 1  0        50176     15322148      1039208     10603084    0    0     0     0 1271 3104   8   1  91   0   0
 1  0        50176     15330596      1039208     10603084    0    0     0     8 1335 3204   8   1  91   0   0
 1  0        50176     15350992      1039208     10603200    0    0     0   392 1233 3053   7   1  92   0   0
 1  0        50176     15352748      1039208     10602860    0    0     0    36 1462 3368  10   1  90   0   0
 3  0        50176     15352576      1039216     10602864    0    0     0    28 1210 2937   8   1  91   1   0
 3  0        50176     15353600      1039216     10602416    0    0     0     0 1247 2785   8   0  92   0   0
 1  0        50176     15353956      1039216     10602424    0    0     0     0 1159 2917   8   1  91   0   0
 1  0        50176     15353924      1039216     10602424    0    0     0    40 1089 2826   8   0  92   0   0
 1  0        50176     15353816      1039216     10602428    0    0     0     0 1262 2949   8   1  91   0   0
 1  0        50176     15353816      1039216     10602428    0    0     0    16 1217 3042   8   1  92   0   0
 1  0        50176     15352700      1039224     10603352    0    0     0    12 1298 2841   8   1  91   1   0
 1  0        50176     15352648      1039224     10603364    0    0     0     0 1240 2347   7   0  92   0   0
 1  0        50176     15360604      1039224     10595676    0    0     0     0 1384 2853   9   1  90   0   0
procs -----------------------memory---------------------- ---swap-- -----io---- -system-- --------cpu--------
 r  b         swpd         free         buff        cache   si   so    bi    bo   in   cs  us  sy  id  wa  st
 2  0        50176     15360296      1039224     10596200    0    0     0     0 1198 2259   7   1  92   0   0
 1  0        50176     15361272      1039224     10595052    0    0     0     8 1118 2218   7   0  92   0   0
 1  0        50176     15361272      1039232     10595052    0    0     0    12 1081 2017   7   1  92   1   0
 1  0        50176     15361132      1039232     10595052    0    0     0     8 1128 5936   7   1  92   0   0
 1  0        50176     15354588      1039232     10595052    0    0     0   264 1082 2190   7   0  93   0   0
 2  0        50176     15354452      1039232     10595052    0    0     0     0 1072 2033   8   0  91   0   0
 1  0        50176     15354352      1039232     10595692    0    0     0     8 1295 2753  10   1  89   0   0
 1  0        50176     15354560      1039232     10595500    0    0     0     0 1467 2737   8   0  92   0   0
 1  1        50176     15354856      1039372     10595356    0    0   128   208 1681 3126   8   0  89   3   0
 1  0        50176     15353940      1039380     10595428    0    0     0   492 1160 2100   8   0  92   1   0
 1  0        50176     15353324      1039380     10595140    0    0     0     0 1298 2691   8   1  91   0   0
 1  0        50176     15353160      1039380     10595724    0    0     0     0 1163 2781   8   1  92   0   0
 1  0        50176     15363300      1039380     10595724    0    0     0     0 1166 2751   9   0  91   0   0
 1  0        50176     15364444      1039380     10595212    0    0     0     0 1176 2451   8   0  92   0   0
 1  0        50176     15364084      1039396     10595504    0    0     0    84 1106 2081   7   1  91   1   0
 1  0        50176     15363860      1039396     10595432    0    0     0     0  978 1785   7   0  93   0   0
 1  0        50176     15364232      1039396     10594920    0    0     0     0 1099 2023   7   0  92   0   0
 1  0        50176     15363660      1039396     10594920    0    0     0     0 1131 2052   8   0  92   0   0
 2  0        50176     15363512      1039396     10595432    0    0     0     0 1056 1891   7   0  92   0   0
 1  0        50176     15364032      1039396     10594920    0    0     0     0 1110 2027   7   1  92   0   0
 1  0        50176     15363936      1039404     10594920    0    0     0    12 1123 2059   7   0  92   1   0
procs -----------------------memory---------------------- ---swap-- -----io---- -system-- --------cpu--------
 r  b         swpd         free         buff        cache   si   so    bi    bo   in   cs  us  sy  id  wa  st
 5  0        50176     15363588      1039404     10595212    0    0     0     0 1173 1992   8   0  92   0   0
 2  0        50176     15362876      1039404     10595436    0    0     0     8 1111 2090   7   1  92   0   0
 1  0        50176     15362820      1039404     10595144    0    0     0     0 1120 2009   7   1  92   0   0
 1  0        50176     15363040      1039404     10594924    0    0     0     8 1017 1951   7   0  93   0   0
 1  0        50176     15362868      1039404     10595436    0    0     0    12 1072 1974   8   0  92   0   0
 1  0        50176     15363364      1039412     10594924    0    0     0    20 1005 1858   7   0  92   1   0
 1  0        50176     15363168      1039412     10594924    0    0     0    12 1000 1880   7   0  93   0   0
 1  0        50176     15362868      1039412     10595216    0    0     0     0 1083 1966   7   0  93   0   0
 1  0        50176     15362628      1039412     10595436    0    0     0     0  979 1800   7   0  93   0   0
 1  0        50176     15363116      1039412     10594928    0    0     0    40 1006 1839   7   0  93   0   0
 1  0        50176     15362580      1039420     10595220    0    0     0    12 1050 1857   7   0  92   1   0
 2  0        50176     15362480      1039420     10595440    0    0     0     0 1125 2033   7   1  92   0   0
 1  0        50176     15362640      1039420     10595428    0    0     0     0 1186 2574   8   1  91   0   0
 1  0        50176     15362388      1039440     10595728    0    0     0   284 1212 2629   8   1  91   1   0
 1  0        50176     15355620      1039440     10602600    0    0     0   212 1112 2083   7   1  92   0   0
 1  0        50176     15355008      1039440     10602888    0    0     0     0 1096 1957   7   0  93   0   0
 1  0        50176     15355980      1039448     10602096    0    0     0    36 1277 2455   8   1  91   1   0
 1  0        50176     15355120      1039448     10602896    0    0     0     0 1338 2867   9   1  91   0   0
 1  0        50176     15361660      1039452     10595736    0    0     0   108 1247 2819   7   1  92   0   0
 1  0        50176     15354800      1039452     10602896    0    0     0   372 1218 2701   8   1  92   0   0
 1  0        50176     15362644      1039452     10595088    0    0     0     0 1090 2041   7   1  92   0   0
procs -----------------------memory---------------------- ---swap-- -----io---- -system-- --------cpu--------
 r  b         swpd         free         buff        cache   si   so    bi    bo   in   cs  us  sy  id  wa  st
 4  1        50176     15362712      1039452     10594812    0    0     0     8 1082 2051   7   0  92   0   0
 1  0        50176     15362628      1039460     10594872    0    0     0     4 1142 2028   8   0  91   0   0
 1  0        50176     15362628      1039460     10594872    0    0     0     0 1027 2032   7   1  92   0   0
 1  0        50176     15361932      1039460     10595604    0    0     0    36 1115 2518   8   0  92   0   0
 1  0        50176     15354836      1039460     10602912    0    0     0     0 1155 2417   8   1  91   0   0
 1  0        50176     15351408      1039460     10606420    0    0     0     0 1229 2496   8   1  91   0   0
 1  0        50176     15356908      1039468     10601024    0    0     0    12 1215 2363   8   1  91   1   0
 1  0        50176     15353880      1039468     10604164    0    0     0     0 1214 2538   8   1  92   0   0
 1  0        50176     15354972      1039468     10603140    0    0     0     4 1126 2389   8   1  92   0   0
 1  0        50176     15354996      1039468     10603140    0    0     0     0 1052 2186   7   0  92   0   0
 1  0        50176     15362896      1039468     10595548    0    0     0     8 1187 2657   8   0  92   0   0
 1  0        50176     15362832      1039468     10595752    0    0     0     0 1092 2426   8   0  92   0   0
 1  0        50176     15356120      1039476     10602396    0    0     0    12 1167 2560   8   0  91   1   0
 1  0        50176     15356056      1039476     10602920    0    0     0     0 1197 2546   8   0  92   0   0
 1  0        50176     15361840      1039476     10597288    0    0     0     0 1154 2525   8   1  92   0   0
 1  0        50176     15361148      1039476     10597288    0    0     0     4 1016 2325   7   0  92   0   0
 1  0        50176     15362684      1039476     10595460    0    0     0   112 1182 2137   7   1  92   0   0
 1  0        50176     15351612      1039480     10606696    0    0     0     8 1407 3344  10   1  89   0   0
 1  0        50176     15352172      1039488     10605352    0    0     0    32 1064 1980   7   1  92   1   0
 1  0        50176     15352740      1039488     10604768    0    0     0     0 1052 1997   7   0  93   0   0
 1  0        50176     15355552      1039488     10601328    0    0     0     0 1065 1854   7   0  92   0   0
procs -----------------------memory---------------------- ---swap-- -----io---- -system-- --------cpu--------
 r  b         swpd         free         buff        cache   si   so    bi    bo   in   cs  us  sy  id  wa  st
 2  0        50176     15355800      1039488     10601688    0    0     0     0 1370 5921   8   0  92   0   0
 1  0        50176     15359200      1039488     10598260    0    0     0     0 1110 2115   7   0  92   0   0
 1  0        50176     15359212      1039488     10597976    0    0     0     0 1056 1779   7   0  92   0   0
 1  0        50176     15358916      1039496     10598488    0    0     0    12  965 1884   7   0  92   1   0
 1  0        50176     15359412      1039496     10597976    0    0     0     0 1074 1894   7   0  92   0   0
 1  0        50176     15359460      1039496     10597976    0    0     0   124 1045 1822   7   0  93   0   0
 1  0        50176     15359288      1039500     10598488    0    0     0   352 1005 1775   7   1  92   0   0
 1  0        50176     15359352      1039500     10598488    0    0     0     0 1007 1827   7   0  93   0   0
 1  0        50176     15359480      1039508     10597976    0    0     0    84 1279 2084   8   0  91   1   0
 1  0        50176     15359288      1039508     10597976    0    0     0     0 1303 2038   8   0  92   0   0
 1  0        50176     15359668      1039508     10598488    0    0     0     0  996 1932   8   0  92   0   0
 1  0        50176     15359956      1039508     10597976    0    0     0     0 1021 1891   7   1  92   0   0
 1  0        50176     15359892      1039508     10597976    0    0     0     0 1019 1898   7   0  92   0   0
 1  0        50176     15366240      1039508     10598488    0    0     0     0 1493 2050   7   0  92   0   0
 1  0        50176     15366216      1039516     10598488    0    0     0    12 1077 1987   8   1  91   1   0
 1  0        50176     15366000      1039516     10597976    0    0     0     0 1080 1923   8   1  92   0   0
 1  0        50176     15366360      1039516     10597976    0    0     0     0 1031 1936   7   0  92   0   0
 1  0        50176     15366620      1039516     10598488    0    0     0    12 1098 2042   7   1  92   0   0
 1  0        50176     15366728      1039516     10597976    0    0     0   196 1115 1886   8   0  92   0   0
 1  0        50176     15367016      1039516     10597980    0    0     0     0 1068 1954   7   1  92   0   0
 1  0        50176     15366356      1039524     10598492    0    0     0    16 1015 2007   7   1  92   1   0
procs -----------------------memory---------------------- ---swap-- -----io---- -system-- --------cpu--------
 r  b         swpd         free         buff        cache   si   so    bi    bo   in   cs  us  sy  id  wa  st
 3  0        50176     15366308      1039524     10598492    0    0     0     0  988 1943   7   0  93   0   0
 1  0        50176     15366940      1039524     10597980    0    0     0     0 1615 2007   8   0  91   0   0
 1  0        50176     15358792      1039524     10606476    0    0     0     0 1288 3210  10   1  89   0   0
 1  0        50176     15359808      1039524     10605104    0    0     0     0 1151 2064   7   0  93   0   0
 1  0        50176     15360076      1039524     10604228    0    0     0   164 1208 2031   7   0  93   0   0
 1  0        50176     15363216      1039532     10601324    0    0     0    12 1151 2605   8   1  91   1   0
 1  0        50176     15363072      1039532     10601568    0    0     0     8 1046 2092   7   1  92   0   0
 1  0        50176     15366120      1039532     10598484    0    0     0    36 1200 2505   8   1  92   0   0
 1  0        50176     15359008      1039532     10605640    0    0     0     0 1284 2193   8   1  92   0   0
 1  0        50176     15360004      1039532     10605872    0    0     0     4 1042 2037   7   0  92   0   0
 1  0        50176     15360168      1039532     10605416    0    0     0     0 1153 2086   7   0  93   0   0
 1  0        50176     15359864      1039540     10605928    0    0     0    24 1022 1917   7   1  92   1   0
 1  0        50176     15359932      1039548     10605632    0    0     0   404 1122 2223   7   1  92   0   0
 1  0        50176     15359244      1039548     10606012    0    0     0     0 1394 3209   9   0  90   0   0
 1  0        50176     15359336      1039548     10606220    0    0     0   160 1160 2050   8   0  92   0   0
 1  0        50176     15359716      1039548     10605576    0    0     0     0 1102 2313   8   0  92   0   0
 1  0        50176     15359512      1039548     10605716    0    0     0     0 1292 2916   9   1  90   0   0
 1  0        50176     15359512      1039556     10606008    0    0     0    12 1189 2589   9   0  91   1   0
 1  0        50176     15358916      1039556     10606228    0    0     0     0 1196 2589   8   1  92   0   0
 1  0        50176     15360056      1039556     10605400    0    0     0     8 1064 2169   7   0  92   0   0
 1  0        50176     15360064      1039556     10605356    0    0     0     0 1083 2125   7   0  93   0   0
procs -----------------------memory---------------------- ---swap-- -----io---- -system-- --------cpu--------
 r  b         swpd         free         buff        cache   si   so    bi    bo   in   cs  us  sy  id  wa  st
 2  0        50176     15360064      1039556     10605712    0    0     0     0 1198 2691   8   1  91   0   0
 1  0        50176     15360016      1039556     10606004    0    0     0     4 1006 1930   7   0  93   0   0
 1  0        50176     15367272      1039564     10598776    0    0     0    12 1145 2145   7   0  92   1   0
 1  0        50176     15367240      1039564     10598484    0    0     0     0 1082 1967   8   0  92   0   0
 2  0        50176     15367056      1039564     10598776    0    0     0     0 1080 1972   7   0  93   0   0
 1  0        50176     15366908      1039564     10598776    0    0     0     0 1097 1966   7   0  92   0   0
 1  0        50176     15367148      1039564     10598264    0    0     0     0 1042 1960   7   0  92   0   0
 1  0        50176     15367132      1039564     10598776    0    0     0    28 1115 2074   7   0  92   0   0
 1  0        50176     15366836      1039572     10598776    0    0     0    12 1018 1978   7   0  92   1   0
 1  0        50176     15373592      1039572     10598264    0    0     0    16 3477 2932  13   0  86   0   0
 1  0        50176     15373084      1039572     10598776    0    0     0     0 1107 2022   8   0  92   0   0
 1  0        50176     15373148      1039572     10598776    0    0     0    12 1034 1925   7   1  93   0   0
 1  0        50176     15373332      1039572     10598264    0    0     0   144 1041 1902   7   0  93   0   0
 1  0        50176     15373172      1039580     10598968    0    0     0    80 1228 2721   8   0  91   0   0
 1  0        50176     15373356      1039588     10598944    0    0     0    28 1153 2320   7   0  92   0   0
 1  0        50176     15373472      1039588     10598920    0    0     0     0 1154 2173   7   0  93   0   0
 1  0        50176     15371084      1039588     10600724    0    0     0     8 1120 2553   7   1  92   0   0
 1  0        50176     15363908      1039600     10607900    0    0     0   144 1673 3031  10   0  89   0   0
 1  0        50176     15362916      1039600     10608892    0    0     0     0 1626 6626  10   1  89   0   0
 1  0        50176     15361320      1039600     10600636    0    0     0     0 1163 2465   8   1  91   0   0
 1  0        50176     15354368      1039608     10607648    0    0     0   144 1057 2399   7   0  92   1   0
procs -----------------------memory---------------------- ---swap-- -----io---- -system-- --------cpu--------
 r  b         swpd         free         buff        cache   si   so    bi    bo   in   cs  us  sy  id  wa  st
 3  0        50176     15349912      1039608     10611392    0    0     0    20 1131 2327   8   1  91   0   0
 1  0        50176     15344980      1039608     10615808    0    0     0   100 1178 2463   8   1  91   0   0
 1  0        50176     15357708      1039608     10612740    0    0     0     0 1144 2953   8   1  92   0   0
 1  0        50176     15357724      1039608     10612740    0    0     0     8 1156 3251   8   1  92   0   0
 1  0        50176     15357584      1039616     10612732    0    0     0    40 1124 2111   7   0  92   1   0
 1  0        50176     15371720      1039624     10598916    0    0     0    12 1050 1882   7   0  92   1   0
 1  0        50176     15371612      1039624     10598920    0    0     0    12 1104 2047   7   0  93   0   0
 1  0        50176     15361800      1039624     10598408    0    0     0     0 1073 2029   8   1  92   0   0
 1  0        50176     15361816      1039624     10598408    0    0     0     0 1054 1922   8   0  92   0   0
 1  0        50176     15361816      1039624     10598412    0    0     0     0 1121 2096   7   0  93   0   0
 1  0        50176     15361800      1039624     10598412    0    0     0     0 1010 2008   7   1  93   0   0
 1  0        50176     15371584      1039632     10598412    0    0     0    12 1043 1989   7   0  92   1   0
 1  0        50176     15357120      1039632     10613100    0    0     0     0 1086 2389   8   1  92   0   0
 1  0        50176     15353228      1039632     10616764    0    0     0     8 1067 2226   7   0  92   0   0
 1  0        50176     15368264      1039632     10601996    0    0     0     0 1096 2037   7   0  92   0   0
 1  0        50176     15364224      1039632     10605792    0    0     0   120 1238 2290   8   1  91   0   0
 1  0        50176     15361336      1039632     10608652    0    0     0    20 1286 2467   8   0  92   0   0
 1  0        50176     15359816      1039640     10610736    0    0     0    12 1132 2504   8   0  91   1   0
 1  0        50176     15369860      1039640     10600652    0    0     0     8 1073 2226   8   0  92   0   0
 1  0        50176     15356096      1039648     10614820    0    0     0   256 1241 2719   8   1  91   0   0
 1  0        50176     15357840      1039648     10612776    0    0     0     0 1076 2261   8   0  92   0   0
procs -----------------------memory---------------------- ---swap-- -----io---- -system-- --------cpu--------
 r  b         swpd         free         buff        cache   si   so    bi    bo   in   cs  us  sy  id  wa  st
 2  0        50176     15357212      1039648     10612516    0    0     0    52 1159 2179   8   1  92   0   0
 1  0        50176     15363928      1039648     10605800    0    0     0     0 1076 2027   8   0  92   0   0
 1  0        50176     15361428      1039656     10608652    0    0     0   144 1129 2351   8   0  91   1   0
 1  0        50176     15358220      1039656     10610956    0    0     0    20 1102 2388   8   1  92   0   0
 1  0        50176     15360080      1039656     10609676    0    0     0     0 1057 2312   8   0  92   0   0
 1  0        50176     15360684      1039656     10609164    0    0     0   140 1165 2426   8   1  92   0   0
 1  0        50176     15363668      1039656     10605660    0    0     0    20 1193 2336   8   0  91   0   0
 2  0        50176     15362048      1039656     10607376    0    0     0     0 1125 2512   8   1  91   0   0
 1  0        50176     15369224      1039664     10600208    0    0     0    60 1064 2165   7   0  92   1   0
 1  0        50176     15371472      1039664     10600208    0    0     0     0 1178 1972   7   1  92   0   0
 1  0        50176     15366900      1039664     10605584    0    0     0   140 1219 2574   8   1  92   0   0
 1  0        50176     15365164      1039672     10607332    0    0     0    44 1025 2234   8   1  91   1   0
 1  0        50176     15371348      1039672     10600212    0    0     0     0 1209 2409   8   1  91   0   0
 1  0        50176     15370512      1039672     10601112    0    0     0    40 1220 2553   8   1  91   0   0
 1  0        50176     15369504      1039680     10601112    0    0     0    12 1223 2362   8   1  90   2   0
 1  0        50176     15372340      1039680     10598936    0    0     0   120 1217 2570   8   1  91   0   0
 1  0        50176     15365988      1039680     10605872    0    0     0     8 1206 2815   8   0  92   0   0
 2  0        50176     15365964      1039680     10605164    0    0     0    20 1160 2571   8   1  91   0   0
 1  0        50176     15355244      1039696     10608396    0    0     0   204 1119 2121   8   1  92   0   0
 1  0        50176     15357584      1039696     10606104    0    0     0     0 1081 2393   7   0  92   0   0
 3  0        50176     15362296      1039704     10601244    0    0     0    12 1077 2388   8   0  92   1   0
procs -----------------------memory---------------------- ---swap-- -----io---- -system-- --------cpu--------
 r  b         swpd         free         buff        cache   si   so    bi    bo   in   cs  us  sy  id  wa  st
 3  0        50176     15360204      1039704     10603292    0    0     0    16 1149 2434   8   0  92   0   0
 1  0        50176     15371100      1039704     10600220    0    0     0     0 1121 2365   8   1  92   0   0
 1  0        50176     15371376      1039704     10599932    0    0     0     0 1247 2503   9   1  90   0   0
 1  0        50176     15371612      1039704     10599712    0    0     0     0 1081 2372   9   0  91   0   0
 1  0        50176     15371472      1039704     10599716    0    0     0     0 1132 2424   8   0  92   0   0
 1  0        50176     15371472      1039712     10599716    0    0     0    12 1057 2258   7   0  92   1   0
 1  0        50176     15371488      1039712     10599720    0    0     0     0 1056 2082   7   1  92   0   0
 1  0        50176     15358788      1039712     10612888    0    0     0    12 1367 3431   9   1  90   0   0
 1  0        50176     15358824      1039712     10613032    0    0     0     0 1058 2250   7   0  93   0   0
 1  0        50176     15366884      1039712     10605360    0    0     0     0 1070 2157   7   1  92   0   0
 1  0        50176     15355848      1039712     10616112    0    0     0   196 1218 3248   8   1  92   0   0
 1  0        50176     15359964      1039720     10612296    0    0     0   132 1101 2558   8   0  91   1   0
 2  0        50176     15359868      1039720     10612588    0    0     0     8 1105 2172   7   0  92   0   0
 1  0        50176     15366124      1039720     10606152    0    0     0    20 1054 2209   7   0  92   0   0
 2  0        50176     15366136      1039720     10605568    0    0     0   120 1258 2623   9   0  91   0   0
 1  0        50176     15366156      1039720     10605652    0    0     0     8 1215 7002   8   1  91   0   0
 1  0        50176     15365644      1039720     10606160    0    0     0     0 1095 2189   8   0  92   0   0
 1  0        50176     15365868      1039732     10605724    0    0     0   132 1283 2392   8   0  91   1   0
 1  0        50176     15365932      1039732     10605900    0    0     0     0 1140 2181   7   1  92   0   0
 1  0        50176     15366016      1039732     10605900    0    0     0     0 1051 2130   7   0  93   0   0
 1  0        50176     15366236      1039732     10605608    0    0     0    12 1029 1920   7   0  93   0   0
procs -----------------------memory---------------------- ---swap-- -----io---- -system-- --------cpu--------
 r  b         swpd         free         buff        cache   si   so    bi    bo   in   cs  us  sy  id  wa  st
 4  0        50176     15366040      1039732     10605900    0    0     0     0 1022 2017   7   1  92   0   0
 1  0        50176     15358328      1039732     10605388    0    0     0    12 1060 2035   8   0  92   0   0
 1  0        50176     15357956      1039740     10605900    0    0     0    12  981 1984   7   0  92   1   0
 1  0        50176     15357776      1039740     10605904    0    0     0     0 1073 2121   7   1  93   0   0
 1  0        50176     15358204      1039740     10605392    0    0     0    76 1080 2004   7   0  92   0   0
 1  0        50176     15366212      1039740     10605904    0    0     0     0 1027 2000   7   0  93   0   0
 1  0        50176     15366140      1039752     10605608    0    0     0   124 1121 1989   7   1  92   0   0
 1  0        50176     15366908      1039752     10605912    0    0     0     0 1183 2264   7   0  93   0   0
 0  0        50176     15367032      1039760     10605912    0    0     0    12 1038 1996   5   1  93   1   0
