Running 5m test @ http://localhost:5000
  1 threads and 1 connections
  Thread calibration: mean lat.: 532.518ms, rate sampling interval: 1086ms
  Thread Stats   Avg      Stdev     Max   +/- Stdev
    Latency   531.75ms   16.71ms 705.02ms   88.62%
    Req/Sec     0.09      0.28     1.00    100.00%
  Latency Distribution (HdrHistogram - Recorded Latency)
 50.000%  527.36ms
 75.000%  544.77ms
 90.000%  547.33ms
 99.000%  552.45ms
 99.900%  705.53ms
 99.990%  705.53ms
 99.999%  705.53ms
100.000%  705.53ms

  Detailed Percentile spectrum:
       Value   Percentile   TotalCount 1/(1-Percentile)

     490.751     0.000000            1         1.00
     517.631     0.100000           31         1.11
     520.191     0.200000           59         1.25
     522.495     0.300000           90         1.43
     524.031     0.400000          117         1.67
     527.359     0.500000          145         2.00
     530.943     0.550000          160         2.22
     539.135     0.600000          174         2.50
     542.207     0.650000          194         2.86
     543.743     0.700000          213         3.33
     544.767     0.750000          223         4.00
     545.279     0.775000          233         4.44
     545.279     0.800000          233         5.00
     545.791     0.825000          241         5.71
     546.303     0.850000          247         6.67
     546.815     0.875000          255         8.00
     547.327     0.887500          264         8.89
     547.327     0.900000          264        10.00
     547.839     0.912500          270        11.43
     547.839     0.925000          270        13.33
     548.351     0.937500          275        16.00
     548.351     0.943750          275        17.78
     548.863     0.950000          278        20.00
     548.863     0.956250          278        22.86
     549.887     0.962500          281        26.67
     549.887     0.968750          281        32.00
     550.399     0.971875          282        35.56
     551.423     0.975000          284        40.00
     551.423     0.978125          284        45.71
     551.935     0.981250          285        53.33
     552.447     0.984375          288        64.00
     552.447     0.985938          288        71.11
     552.447     0.987500          288        80.00
     552.447     0.989062          288        91.43
     552.447     0.990625          288       106.67
     552.447     0.992188          288       128.00
     552.447     0.992969          288       142.22
     565.247     0.993750          289       160.00
     565.247     0.994531          289       182.86
     565.247     0.995313          289       213.33
     565.247     0.996094          289       256.00
     565.247     0.996484          289       284.44
     705.535     0.996875          290       320.00
     705.535     1.000000          290          inf
#[Mean    =      531.751, StdDeviation   =       16.713]
#[Max     =      705.024, Total count    =          290]
#[Buckets =           27, SubBuckets     =         2048]
----------------------------------------------------------

  Latency Distribution (HdrHistogram - Uncorrected Latency (measured without taking delayed starts into account))
 50.000%  525.82ms
 75.000%  543.23ms
 90.000%  546.30ms
 99.000%  551.42ms
 99.900%  705.53ms
 99.990%  705.53ms
 99.999%  705.53ms
100.000%  705.53ms

  Detailed Percentile spectrum:
       Value   Percentile   TotalCount 1/(1-Percentile)

     489.983     0.000000            1         1.00
     516.351     0.100000           29         1.11
     518.655     0.200000           58         1.25
     521.471     0.300000           89         1.43
     523.007     0.400000          116         1.67
     525.823     0.500000          145         2.00
     530.431     0.550000          161         2.22
     538.111     0.600000          174         2.50
     540.671     0.650000          189         2.86
     542.207     0.700000          205         3.33
     543.231     0.750000          220         4.00
     543.743     0.775000          226         4.44
     544.255     0.800000          237         5.00
     544.767     0.825000          242         5.71
     545.791     0.850000          256         6.67
     545.791     0.875000          256         8.00
     546.303     0.887500          267         8.89
     546.303     0.900000          267        10.00
     546.303     0.912500          267        11.43
     546.815     0.925000          272        13.33
     546.815     0.937500          272        16.00
     547.327     0.943750          277        17.78
     547.327     0.950000          277        20.00
     548.351     0.956250          280        22.86
     548.351     0.962500          280        26.67
     548.863     0.968750          281        32.00
     549.375     0.971875          282        35.56
     549.887     0.975000          284        40.00
     549.887     0.978125          284        45.71
     550.399     0.981250          285        53.33
     550.911     0.984375          286        64.00
     550.911     0.985938          286        71.11
     551.423     0.987500          287        80.00
     551.423     0.989062          287        91.43
     551.935     0.990625          288       106.67
     551.935     0.992188          288       128.00
     551.935     0.992969          288       142.22
     563.711     0.993750          289       160.00
     563.711     0.994531          289       182.86
     563.711     0.995313          289       213.33
     563.711     0.996094          289       256.00
     563.711     0.996484          289       284.44
     705.535     0.996875          290       320.00
     705.535     1.000000          290          inf
#[Mean    =      530.593, StdDeviation   =       16.750]
#[Max     =      705.024, Total count    =          290]
#[Buckets =           27, SubBuckets     =         2048]
----------------------------------------------------------
  300 requests in 5.00m, 235.47KB read
Requests/sec:      1.00
Transfer/sec:     803.70B
