gke-cluster1-pool1-xxxxxxxx-nnsj ~ $ sar -f /mnt/stateful_partition/sysstat/sa30 10
Linux 4.14.138+ (gke-cluster1-pool1-xxxxxxxx-nnsj) 	05/30/20 	_x86_64_	(1 CPU)

11:00:00        CPU     %user     %nice   %system   %iowait    %steal     %idle
11:00:11        all      5.12      0.00      3.11      0.09      0.00     91.68
11:00:21        all      6.14      0.00      3.72      0.00      0.00     90.14
11:00:31        all      7.14      0.00      3.72      0.90      0.00     88.24
11:00:41        all      6.04      0.00      2.92     20.72      0.00     70.32
11:00:51        all      6.46      0.00      5.25     88.28      0.00      0.00
11:01:01        all      7.96      0.00      5.34     40.28      0.00     46.42
11:01:11        all      5.84      0.00      3.02      3.83      0.00     87.31
11:01:21        all      6.23      0.00      3.62      9.65      0.00     80.50
11:01:31        all      8.28      0.00      3.84     24.85      0.00     63.03
11:01:41        all      9.21      0.00      4.80     22.52      0.00     63.46
11:01:51        all      7.68      0.00      4.34     26.26      0.00     61.72
11:02:01        all      6.03      0.00      3.22     15.48      0.00     75.28
11:02:11        all      8.57      0.00      4.13     19.66      0.00     67.64
11:02:21        all      8.79      0.00      4.04     14.04      0.00     73.13
11:02:32        all      8.23      0.00      3.84     15.83      0.00     72.10
11:02:42        all      7.24      0.00      3.32     15.90      0.00     73.54
11:02:52        all      7.26      0.00      3.93     13.31      0.00     75.50
11:03:02        all      7.55      0.00      3.63     12.89      0.00     75.93
11:03:12        all      8.56      0.00      3.52     24.97      0.00     62.94
11:03:22        all      9.06      0.00      3.42     15.41      0.00     72.10
11:03:32        all      8.54      0.00      3.52      9.25      0.00     78.69
11:03:42        all     15.04      0.00      4.14     10.70      0.00     70.13
11:03:52        all     22.20      0.00      4.04     11.30      0.00     62.46
11:04:02        all     28.50      0.00      3.83      4.53      0.00     63.14
11:04:12        all     28.92      0.00      4.45      5.76      0.00     60.87
11:04:22        all     28.44      0.00      4.35      8.40      0.00     58.81
11:04:32        all     28.12      0.10      4.74     10.48      0.00     56.55
11:04:43        all     25.55      0.00      3.77      5.97      0.00     64.71
11:04:53        all     28.11      0.00      4.45      1.92      0.00     65.52
11:05:03        all     31.99      0.00      4.14      4.74      0.00     59.13
11:05:13        all     38.18      0.00      3.84      0.71      0.00     57.27
11:05:23        all     30.36      0.00      3.64      1.11      0.00     64.88
11:05:33        all     28.56      0.00      5.45      9.99      0.00     56.00
11:05:43        all     30.54      0.00      3.63      0.50      0.00     65.32
11:05:53        all     26.57      0.00      3.25      1.52      0.00     68.66
11:06:03        all     33.30      0.00      3.63      4.84      0.00     58.22
11:06:14        all     28.78      0.00      5.26      0.55      0.00     65.41
11:06:24        all     36.90      0.00      4.74      5.44      0.00     52.92
11:06:34        all     24.85      0.00      4.55      0.10      0.00     70.51
11:06:44        all     56.96      0.00      4.64      0.10      0.00     38.31
11:06:54        all     93.71      0.00      6.29      0.00      0.00      0.00
11:07:04        all     93.50      0.00      6.50      0.00      0.00      0.00
11:07:14        all     93.60      0.00      6.40      0.00      0.00      0.00
11:07:24        all     94.21      0.00      5.79      0.00      0.00      0.00
11:07:34        all     92.79      0.00      7.21      0.00      0.00      0.00

11:07:34        CPU     %user     %nice   %system   %iowait    %steal     %idle
11:07:44        all     94.11      0.00      5.89      0.00      0.00      0.00
11:07:54        all     94.00      0.00      6.00      0.00      0.00      0.00
11:08:04        all     94.60      0.00      5.40      0.00      0.00      0.00
11:08:14        all     93.30      0.00      6.70      0.00      0.00      0.00
11:08:24        all     94.40      0.00      5.60      0.00      0.00      0.00
11:08:34        all     93.40      0.00      6.60      0.00      0.00      0.00
11:08:44        all     94.40      0.00      5.60      0.00      0.00      0.00
11:08:54        all     93.60      0.00      6.40      0.00      0.00      0.00
11:09:04        all     94.01      0.00      5.99      0.00      0.00      0.00
11:09:14        all     94.10      0.00      5.90      0.00      0.00      0.00
11:09:24        all     94.30      0.00      5.70      0.00      0.00      0.00
11:09:34        all     93.30      0.00      6.70      0.00      0.00      0.00
11:09:44        all     85.37      0.00      6.81      0.00      0.00      7.82
11:09:54        all     92.21      0.00      7.79      0.00      0.00      0.00
11:10:04        all     90.00      0.00     10.00      0.00      0.00      0.00
11:10:14        all     89.40      0.00     10.60      0.00      0.00      0.00
11:10:24        all     90.39      0.00      9.61      0.00      0.00      0.00
11:10:34        all     89.10      0.00     10.90      0.00      0.00      0.00
11:10:44        all     90.10      0.00      9.90      0.00      0.00      0.00
11:10:54        all     89.82      0.00     10.18      0.00      0.00      0.00
11:11:04        all     89.89      0.00     10.11      0.00      0.00      0.00
11:11:14        all     89.70      0.00     10.30      0.00      0.00      0.00
11:11:24        all     89.91      0.00     10.09      0.00      0.00      0.00
11:11:34        all     90.10      0.00      9.90      0.00      0.00      0.00
11:11:44        all     90.19      0.00      9.81      0.00      0.00      0.00
11:11:54        all     89.51      0.00     10.49      0.00      0.00      0.00
11:12:04        all     90.09      0.00      9.91      0.00      0.00      0.00
11:12:14        all     88.82      0.00     11.18      0.00      0.00      0.00
11:12:24        all     89.79      0.00     10.21      0.00      0.00      0.00
11:12:34        all     88.89      0.00     11.11      0.00      0.00      0.00
11:12:44        all     89.71      0.00     10.29      0.00      0.00      0.00
11:12:54        all     91.40      0.00      8.60      0.00      0.00      0.00
11:13:04        all     72.07      0.00      4.50      0.00      0.00     23.42
11:13:14        all      6.34      0.00      3.22      0.20      0.00     90.24
11:13:24        all      6.53      0.00      2.91      0.00      0.00     90.55
11:13:34        all      7.13      0.00      4.22      0.00      0.00     88.65
11:13:44        all      5.93      0.00      2.51      0.00      0.00     91.56
11:13:54        all      4.92      0.00      2.71      0.10      0.00     92.26
11:14:04        all      4.93      0.00      2.62      0.00      0.00     92.45
11:14:14        all      6.52      0.00      3.71      0.00      0.00     89.77
11:14:24        all      5.03      0.00      2.61      0.00      0.00     92.36
11:14:34        all      6.02      0.00      3.71      0.00      0.00     90.26
11:14:44        all      5.33      0.00      2.62      0.20      0.00     91.85
11:14:54        all      6.03      0.00      3.22      0.10      0.00     90.65
11:15:04        all      5.22      0.00      2.81      0.00      0.00     91.98

11:15:04        CPU     %user     %nice   %system   %iowait    %steal     %idle
11:15:14        all      5.62      0.00      3.11      0.00      0.00     91.27
11:15:25        all      6.77      0.00      3.93      0.09      0.00     89.20
11:15:35        all      5.42      0.00      3.51      0.00      0.00     91.07
11:15:45        all      5.24      0.00      2.62      0.00      0.00     92.14
11:15:55        all      4.71      0.00      2.91      0.00      0.00     92.38
11:16:05        all      6.23      0.00      3.62      0.00      0.00     90.15
11:16:15        all      4.92      0.00      3.42      0.00      0.00     91.66
11:16:25        all      5.23      0.00      2.91      0.00      0.00     91.86
11:16:35        all      6.43      0.00      3.01      0.20      0.00     90.36
11:16:45        all      5.92      0.00      3.41      0.10      0.00     90.56
11:16:55        all      4.82      0.00      2.61      0.00      0.00     92.56
11:17:05        all      5.03      0.00      2.81      0.00      0.00     92.16
11:17:15        all      4.93      0.00      3.02      0.00      0.00     92.05
11:17:25        all      6.63      0.00      3.82      0.00      0.00     89.56
11:17:35        all      5.62      0.00      3.11      0.10      0.00     91.17
11:17:45        all      5.23      0.00      2.51      0.00      0.00     92.26
11:17:55        all      5.52      0.00      2.51      0.00      0.00     91.97
11:18:05        all      6.14      0.00      3.22      0.10      0.00     90.54
11:18:15        all      7.24      0.00      2.91      0.00      0.00     89.85
11:18:25        all      6.12      0.00      3.11      0.40      0.00     90.36
11:18:35        all      5.64      0.00      2.72      0.00      0.00     91.64
11:18:45        all      6.23      0.00      3.62      0.00      0.00     90.15
11:18:56        all      4.75      0.00      2.74      0.00      0.00     92.51
11:19:06        all      5.43      0.00      2.61      0.00      0.00     91.96
11:19:16        all      5.03      0.00      2.92      0.30      0.00     91.75
11:19:26        all      6.82      0.00      4.01      0.00      0.00     89.17
11:19:36        all      5.43      0.00      2.51      0.00      0.00     92.06
11:19:46        all      5.22      0.00      2.71      0.10      0.00     91.97
11:19:56        all      4.82      0.00      2.71      0.00      0.00     92.46
11:20:06        all      6.03      0.00      3.32      0.00      0.00     90.65
11:20:16        all      5.43      0.00      3.02      0.00      0.00     91.56
11:20:26        all      6.02      0.00      3.31      0.00      0.00     90.66
11:20:36        all      5.53      0.00      2.71      0.00      0.00     91.76
11:20:46        all      5.82      0.00      3.51      0.10      0.00     90.56
11:20:56        all      5.22      0.00      2.51      0.00      0.00     92.27
11:21:06        all      5.22      0.00      2.71      0.00      0.00     92.07
11:21:16        all      5.41      0.00      3.21      0.00      0.00     91.38
11:21:26        all      7.04      0.00      3.92      0.00      0.00     89.05
11:21:36        all      5.23      0.00      2.71      0.00      0.00     92.06
11:21:46        all      5.23      0.00      2.71      0.00      0.00     92.06
11:21:56        all      5.03      0.00      2.61      0.10      0.00     92.26
11:22:06        all      6.12      0.00      3.51      0.00      0.00     90.36
11:22:16        all      5.53      0.00      2.91      0.00      0.00     91.56
11:22:26        all      6.12      0.00      3.21      0.00      0.00     90.66
11:22:37        all      5.86      0.00      3.20      0.00      0.00     90.94

11:22:37        CPU     %user     %nice   %system   %iowait    %steal     %idle
11:22:47        all      5.32      0.00      3.01      0.10      0.00     91.57
11:22:57        all      5.03      0.00      2.71      0.00      0.00     92.26
11:23:07        all      5.52      0.00      2.81      0.40      0.00     91.27
11:23:17        all      8.25      0.00      4.33      0.00      0.00     87.42
11:23:27        all      6.23      0.00      3.12      0.00      0.00     90.65
11:23:37        all      4.93      0.00      2.82      0.10      0.00     92.15
11:23:47        all      5.52      0.00      2.61      0.00      0.00     91.88
11:23:57        all      5.73      0.00      3.22      0.00      0.00     91.05
11:24:07        all      5.23      0.00      2.72      0.00      0.00     92.05
11:24:17        all      5.31      0.00      3.10      0.10      0.00     91.49
11:24:27        all      5.43      0.00      3.52      0.00      0.00     91.06
11:24:37        all      6.52      0.00      3.61      0.00      0.00     89.87
11:24:47        all      4.94      0.00      2.62      0.30      0.00     92.13
11:24:57        all      5.12      0.00      2.81      0.00      0.00     92.08
11:25:07        all      5.43      0.00      2.41      0.00      0.00     92.15
11:25:17        all      5.82      0.00      3.82      0.00      0.00     90.36
11:25:27        all      6.23      0.00      3.32      0.10      0.00     90.35
11:25:37        all      5.02      0.00      2.91      0.00      0.00     92.08
11:25:47        all      5.33      0.00      2.41      0.00      0.00     92.25
11:25:57        all      6.03      0.00      3.22      0.00      0.00     90.75
11:26:08        all      4.93      0.00      2.74      0.00      0.00     92.33
11:26:18        all      5.53      0.00      3.02      0.00      0.00     91.46
11:26:28        all      5.53      0.00      3.42      0.10      0.00     90.95
11:26:38        all      6.43      0.00      3.71      0.00      0.00     89.86
11:26:48        all      5.42      0.00      2.81      0.00      0.00     91.77
11:26:58        all      4.93      0.00      2.52      0.00      0.00     92.55
11:27:08        all      5.52      0.00      2.91      0.00      0.00     91.57
11:27:18        all      6.22      0.00      3.61      0.00      0.00     90.16
11:27:28        all      5.84      0.00      3.42      0.10      0.00     90.64
11:27:38        all      5.13      0.00      2.81      0.00      0.00     92.06
11:27:48        all      5.42      0.00      2.71      0.00      0.00     91.87
11:27:58        all      5.92      0.00      3.31      0.00      0.00     90.76
11:28:08        all      5.03      0.00      2.92      0.00      0.00     92.05
11:28:18        all      7.73      0.00      3.21      0.10      0.00     88.96
11:28:28        all      5.64      0.00      3.42      0.00      0.00     90.94
11:28:38        all      6.63      0.00      3.41      0.00      0.00     89.96
11:28:48        all      5.43      0.00      2.52      0.00      0.00     92.05
11:28:58        all      5.12      0.00      2.81      0.10      0.00     91.97
11:29:08        all      5.42      0.00      2.61      0.00      0.00     91.97
11:29:18        all      6.02      0.00      3.71      0.10      0.00     90.16
11:29:29        all      5.50      0.00      3.12      0.00      0.00     91.38
11:29:39        all      5.51      0.00      2.81      0.00      0.00     91.68
11:29:49        all      5.94      0.00      3.32      0.00      0.00     90.74
11:29:59        all      5.32      0.00      2.61      0.00      0.00     92.07
11:30:09        all      5.12      0.00      2.71      0.10      0.00     92.08

11:30:09        CPU     %user     %nice   %system   %iowait    %steal     %idle
11:30:19        all      5.64      0.00      2.92      0.00      0.00     91.44
11:30:29        all      6.83      0.00      4.52      0.00      0.00     88.64
11:30:39        all      5.74      0.00      3.02      0.00      0.00     91.24
11:30:49        all      5.12      0.00      2.91      0.10      0.00     91.87
11:30:59        all      5.54      0.00      2.72      0.00      0.00     91.74
11:31:09        all      6.23      0.00      3.52      0.00      0.00     90.25
11:31:19        all      5.63      0.00      3.12      0.00      0.00     91.26
11:31:29        all      5.43      0.00      3.62      0.00      0.00     90.95
11:31:39        all      5.54      0.00      2.62      0.10      0.00     91.74
11:31:49        all      6.14      0.00      3.32      0.00      0.00     90.53
11:31:59        all      4.82      0.00      2.91      0.00      0.00     92.27
11:32:09        all      5.33      0.00      2.82      0.00      0.00     91.85
11:32:19        all      5.14      0.00      3.02      0.10      0.00     91.73
11:32:30        all      6.76      0.00      4.02      0.00      0.00     89.21
11:32:40        all      5.94      0.00      2.92      0.00      0.00     91.14
11:32:50        all      5.33      0.00      2.61      0.00      0.00     92.06
11:33:00        all      5.03      0.00      2.72      0.00      0.00     92.25
11:33:10        all      6.44      0.00      3.62      0.00      0.00     89.94
11:33:20        all      7.54      0.00      3.22      0.30      0.00     88.94
11:33:30        all      5.93      0.00      3.62      0.00      0.00     90.45
11:33:40        all      5.73      0.00      3.02      0.00      0.00     91.25
11:33:50        all      5.94      0.00      3.42      0.10      0.00     90.54
11:34:00        all      5.22      0.00      2.81      0.00      0.00     91.97
11:34:10        all      5.53      0.00      3.02      0.00      0.00     91.46
11:34:20        all      5.34      0.00      2.62      0.00      0.00     92.04
11:34:30        all      6.93      0.00      3.92      0.10      0.00     89.06
11:34:40        all      6.22      0.00      2.91      0.00      0.00     90.86
11:34:50        all      4.83      0.00      2.72      0.10      0.00     92.35
11:35:00        all      5.14      0.00      2.42      0.00      0.00     92.45
11:35:10        all      5.93      0.00      3.52      0.10      0.00     90.45
11:35:20        all      4.70      0.00      2.70      0.00      0.00     92.59
11:35:30        all      5.84      0.00      3.52      0.00      0.00     90.63
11:35:41        all      5.86      0.00      3.39      0.00      0.00     90.75
11:35:51        all      5.52      0.00      2.71      0.00      0.00     91.77
Average:        all     15.41      0.00      3.76      1.16      0.00     79.67
