vnsk@gke-cluster1-pool1-xxxxxxxx-7hrz ~ $ sar -f /mnt/stateful_partition/sysstat/sa30 10 
Linux 4.14.138+ (gke-cluster1-pool1-xxxxxxxx-7hrz) 	05/30/20 	_x86_64_	(1 CPU)

08:50:40        CPU     %user     %nice   %system   %iowait    %steal     %idle
08:50:50        all      5.26      0.00      3.27      0.00      0.00     91.47
09:00:01        all      5.09      0.00      2.65      0.03      0.00     92.23
09:00:02        all      4.04      0.00      2.02      0.00      0.00     93.94
09:00:12        all      4.72      0.00      2.61      0.00      0.00     92.67
09:00:22        all      4.32      0.00      2.61      0.00      0.00     93.07
09:00:32        all      6.22      0.00      3.21      0.00      0.00     90.57
09:00:42        all      4.53      0.00      2.42      0.30      0.00     92.75
09:00:52        all      5.52      0.00      3.01      0.00      0.00     91.47
09:01:02        all      4.31      0.00      2.61      0.00      0.00     93.08
09:01:12        all      5.73      0.00      3.02      0.00      0.00     91.26
09:01:22        all      4.42      0.00      2.31      0.00      0.00     93.27
09:01:32        all      5.12      0.00      2.61      0.00      0.00     92.27
09:01:42        all      4.72      0.00      2.31      0.10      0.00     92.87
09:01:52        all      6.22      0.00      3.71      0.00      0.00     90.07
09:02:02        all      4.32      0.00      2.71      0.20      0.00     92.77
09:02:12        all      4.83      0.00      2.22      0.00      0.00     92.95
09:02:22        all      4.52      0.00      2.41      0.00      0.00     93.07
09:02:32        all      5.83      0.00      3.22      0.00      0.00     90.95
09:02:42        all      4.63      0.00      2.31      0.00      0.00     93.06
09:02:52        all      5.32      0.00      3.31      0.30      0.00     91.07
09:03:02        all      4.41      0.00      2.61      0.00      0.00     92.98
09:03:12        all      6.12      0.00      3.21      0.00      0.00     90.66
09:03:23        all      6.31      0.00      2.74      0.00      0.00     90.94
09:03:33        all      5.02      0.00      2.51      0.00      0.00     92.47
09:03:43        all      5.52      0.00      3.01      0.00      0.00     91.47
09:03:53        all      5.43      0.00      2.92      0.00      0.00     91.65
09:04:03        all      4.52      0.00      2.31      0.00      0.00     93.17
09:04:13        all      4.72      0.00      2.41      0.10      0.00     92.77
09:04:23        all      5.62      0.00      3.21      0.00      0.00     91.17
09:04:33        all      4.72      0.00      2.51      0.00      0.00     92.76
09:04:43        all      4.83      0.00      2.41      0.00      0.00     92.76
09:04:53        all      5.32      0.00      3.21      0.00      0.00     91.47
09:05:03        all      5.63      0.00      3.12      0.00      0.00     91.26
09:05:13        all      4.92      0.00      2.41      0.00      0.00     92.67
09:05:23        all     12.06      0.00      4.12     21.11      0.00     62.71
09:05:33        all     12.35      0.00      4.35     83.30      0.00      0.00
09:05:43        all     13.85      0.00      5.26     80.89      0.00      0.00
09:05:53        all     45.12      0.00      7.25     47.63      0.00      0.00
09:06:03        all     85.44      0.00      6.73      7.83      0.00      0.00
09:06:13        all     93.90      0.00      6.10      0.00      0.00      0.00
09:06:23        all     93.20      0.00      6.80      0.00      0.00      0.00
09:06:33        all     93.51      0.10      6.39      0.00      0.00      0.00
09:06:43        all     94.29      0.00      5.71      0.00      0.00      0.00
09:06:53        all     91.22      0.00      6.39      2.00      0.00      0.40
09:07:03        all     93.59      0.00      6.41      0.00      0.00      0.00

09:07:03        CPU     %user     %nice   %system   %iowait    %steal     %idle
09:07:13        all     94.50      0.00      5.50      0.00      0.00      0.00
09:07:23        all     93.61      0.00      6.39      0.00      0.00      0.00
09:07:33        all     94.69      0.00      5.31      0.00      0.00      0.00
09:07:43        all     93.21      0.00      6.79      0.00      0.00      0.00
09:07:53        all     93.81      0.00      6.19      0.00      0.00      0.00
09:08:03        all     94.99      0.00      5.01      0.00      0.00      0.00
09:08:13        all     93.90      0.00      6.10      0.00      0.00      0.00
09:08:23        all     63.80      0.00      5.60      0.00      0.00     30.60
09:08:33        all      5.62      0.00      3.11      0.00      0.00     91.27
09:08:44        all      4.52      0.00      2.31      0.00      0.00     93.17
09:08:45        all      3.06      0.00      2.04      0.00      0.00     94.90
09:08:55        all      5.33      0.00      2.81      0.30      0.00     91.56
09:09:05        all      5.92      0.00      3.21      0.00      0.00     90.87
09:09:15        all      4.41      0.00      2.61      0.00      0.00     92.98
09:09:25        all      4.82      0.00      2.51      0.00      0.00     92.67
09:09:35        all      4.83      0.00      2.31      0.00      0.00     92.86
09:09:45        all      5.63      0.00      2.82      0.00      0.00     91.55
09:09:55        all      5.32      0.00      3.01      0.30      0.00     91.37
09:10:05        all      5.33      0.00      2.21      0.00      0.00     92.46
09:10:15        all      4.73      0.00      2.21      0.00      0.00     93.06
09:10:25        all      5.32      0.00      3.51      0.00      0.00     91.17
09:10:35        all      5.33      0.00      2.61      0.00      0.00     92.06
09:10:45        all      4.22      0.00      2.31      0.00      0.00     93.47
09:10:55        all      5.32      0.00      3.01      0.10      0.00     91.57
09:11:05        all      5.52      0.00      3.41      0.00      0.00     91.06
09:11:15        all      4.62      0.00      2.31      0.00      0.00     93.07
09:11:25        all      4.71      0.00      2.91      0.00      0.00     92.38
09:11:35        all      5.02      0.00      2.31      0.00      0.00     92.67
09:11:45        all      5.72      0.00      3.11      0.00      0.00     91.16
09:11:55        all      5.13      0.00      2.92      0.10      0.00     91.85
09:12:05        all      4.92      0.00      2.41      0.00      0.00     92.67
09:12:15        all      4.71      0.00      2.20      0.10      0.00     92.99
09:12:25        all      5.33      0.00      3.42      0.00      0.00     91.26
09:12:35        all      5.42      0.00      2.21      0.00      0.00     92.38
09:12:46        all      4.38      0.00      2.19      0.00      0.00     93.44
09:12:56        all      6.44      0.00      3.52      0.00      0.00     90.04
09:13:06        all      4.32      0.00      2.51      0.00      0.00     93.17
09:13:16        all      6.52      0.00      2.81      0.00      0.00     90.67
09:13:26        all      4.72      0.00      2.61      0.00      0.00     92.66
09:13:36        all      5.63      0.00      3.12      0.00      0.00     91.25
09:13:46        all      4.82      0.00      2.11      0.30      0.00     92.76
09:13:56        all      5.12      0.00      2.91      0.00      0.00     91.97
09:14:06        all      5.22      0.00      2.31      0.00      0.00     92.47
09:14:16        all      5.33      0.00      3.22      0.00      0.00     91.46
09:14:26        all      5.02      0.00      3.11      0.00      0.00     91.88

09:14:26        CPU     %user     %nice   %system   %iowait    %steal     %idle
09:14:36        all      7.74      0.00      3.82      0.40      0.00     88.04
09:14:46        all      3.11      0.00      1.20      0.10      0.00     95.59
09:14:56        all      7.05      0.00      4.03      0.70      0.00     88.22
09:15:06        all      4.17      0.00      2.03      2.14      0.00     91.66
09:15:16        all     16.58      0.00     12.23     36.91      0.00     34.28
09:15:26        all      2.92      0.00      1.71      6.96      0.00     88.41
09:15:36        all      3.21      0.00      1.30      0.00      0.00     95.49
09:15:37        all      1.01      0.00      0.00      0.00      0.00     98.99
09:15:47        all      2.81      0.00      1.31      0.10      0.00     95.78
09:15:57        all      3.81      0.00      1.81      0.00      0.00     94.38
09:16:07        all      3.12      0.00      1.11      0.00      0.00     95.78
09:16:17        all      2.92      0.00      1.11      0.00      0.00     95.98
09:16:27        all      2.41      0.00      1.20      0.10      0.00     96.29
09:16:37        all      3.82      0.00      1.31      0.00      0.00     94.87
09:16:47        all      3.62      0.00      1.51      0.10      0.00     94.77
09:16:57        all      6.93      0.00      3.61      0.00      0.00     89.46
09:17:07        all      4.82      0.00      2.61      0.00      0.00     92.57
09:17:17        all      4.53      0.00      2.22      0.10      0.00     93.15
09:17:27        all      4.52      0.00      2.11      0.00      0.00     93.37
09:17:37        all      6.12      0.00      2.81      0.10      0.00     90.97
09:17:47        all      4.41      0.00      2.31      0.00      0.00     93.28
09:17:57        all      5.22      0.00      3.01      0.00      0.00     91.77
09:18:07        all      5.12      0.00      2.51      0.00      0.00     92.38
09:18:17        all      7.44      0.00      3.22      0.00      0.00     89.35
09:18:27        all      4.91      0.00      2.31      0.00      0.00     92.78
09:18:37        all      5.43      0.00      2.61      0.00      0.00     91.96
09:18:47        all      4.52      0.00      2.41      0.10      0.00     92.97
09:18:57        all      6.12      0.00      3.71      0.00      0.00     90.16
09:19:07        all      4.51      0.00      2.51      0.00      0.00     92.98
09:19:17        all      4.72      0.00      2.31      0.20      0.00     92.76
09:19:27        all      4.32      0.00      2.31      0.00      0.00     93.37
09:19:38        all      5.66      0.00      3.01      0.09      0.00     91.24
09:19:48        all      4.32      0.00      2.31      0.00      0.00     93.37
09:19:58        all      5.04      0.00      3.12      0.00      0.00     91.84
09:20:08        all      5.83      0.00      3.22      0.00      0.00     90.95
09:20:18        all      5.52      0.00      2.91      0.00      0.00     91.57
09:20:28        all      4.62      0.00      2.21      0.40      0.00     92.77
09:20:38        all      5.24      0.00      2.72      0.00      0.00     92.04
09:20:48        all      4.91      0.00      2.71      0.10      0.00     92.28
09:20:58        all      5.73      0.00      3.62      0.00      0.00     90.65
09:21:08        all      4.92      0.00      2.41      0.00      0.00     92.66
09:21:18        all      4.81      0.00      2.41      0.00      0.00     92.78
09:21:28        all      5.12      0.00      2.81      0.00      0.00     92.07
09:21:38        all      5.22      0.00      2.81      0.00      0.00     91.97
09:21:48        all      4.02      0.00      2.51      0.00      0.00     93.47

09:21:48        CPU     %user     %nice   %system   %iowait    %steal     %idle
09:21:58        all      5.32      0.00      3.01      0.30      0.00     91.37
09:22:08        all      5.23      0.00      2.81      0.00      0.00     91.96
09:22:18        all      4.82      0.00      2.61      0.20      0.00     92.37
09:22:28        all      4.42      0.00      2.41      0.00      0.00     93.17
09:22:38        all      5.13      0.00      2.61      0.00      0.00     92.26
09:22:48        all      5.12      0.00      2.91      0.00      0.00     91.97
09:22:58        all      5.22      0.00      3.41      0.30      0.00     91.06
09:23:08        all      4.72      0.00      2.41      0.00      0.00     92.87
09:23:09        all      3.03      0.00      0.00      0.00      0.00     96.97
09:23:19        all      6.83      0.00      2.51      0.00      0.00     90.66
09:23:29        all      5.32      0.00      3.31      0.00      0.00     91.37
09:23:39        all      4.92      0.00      2.51      0.00      0.00     92.56
09:23:49        all      5.32      0.00      2.71      0.20      0.00     91.77
09:23:59        all      4.63      0.00      2.31      0.00      0.00     93.06
09:24:09        all      5.52      0.00      3.01      0.00      0.00     91.47
09:24:19        all      4.52      0.00      2.51      0.10      0.00     92.86
09:24:29        all      4.22      0.00      2.31      0.00      0.00     93.47
09:24:39        all      5.23      0.00      2.31      0.10      0.00     92.36
09:24:49        all      5.92      0.00      3.71      0.00      0.00     90.36
09:24:59        all      4.32      0.00      2.31      0.00      0.00     93.37
09:25:09        all      4.62      0.00      2.51      0.00      0.00     92.86
09:25:19        all      4.91      0.00      2.41      0.10      0.00     92.58
09:25:29        all      5.13      0.00      2.92      0.00      0.00     91.95
09:25:39        all      5.32      0.00      2.31      0.00      0.00     92.37
09:25:49        all      5.32      0.00      2.71      0.00      0.00     91.97
09:25:59        all      4.91      0.00      2.31      0.20      0.00     92.58
09:26:09        all      6.97      0.00      6.87     25.35      0.00     60.81
09:26:19        all      4.81      0.00      2.71      0.00      0.00     92.48
09:26:29        all      4.12      0.00      2.31      0.00      0.00     93.57
09:26:39        all      5.34      0.00      2.52      0.00      0.00     92.15
09:26:40        all      9.18      0.00      5.10      0.00      0.00     85.71
09:26:50        all      5.52      0.00      3.01      0.00      0.00     91.47
09:27:00        all      4.43      0.00      2.11      0.30      0.00     93.16
09:27:10        all      4.91      0.00      2.51      0.00      0.00     92.58
09:27:20        all      5.03      0.00      2.81      0.10      0.00     92.06
09:27:30        all      5.42      0.00      3.21      0.00      0.00     91.37
09:27:40        all      4.52      0.00      2.61      0.00      0.00     92.87
09:27:50        all      5.33      0.00      2.81      0.00      0.00     91.86
09:28:00        all      5.52      0.00      2.71      0.30      0.00     91.47
09:28:10        all      4.93      0.00      2.72      0.00      0.00     92.35
09:28:20        all      6.83      0.00      2.91      0.40      0.00     89.86
09:28:30        all      4.22      0.00      2.51      0.00      0.00     93.27
09:28:40        all      5.74      0.00      3.02      0.00      0.00     91.24
09:28:50        all      5.52      0.00      3.11      0.10      0.00     91.27
09:29:00        all      4.31      0.00      2.51      0.00      0.00     93.18

09:29:00        CPU     %user     %nice   %system   %iowait    %steal     %idle
09:29:10        all      5.03      0.00      2.21      0.00      0.00     92.76
09:29:20        all      5.42      0.00      2.71      0.00      0.00     91.87
09:29:30        all      4.72      0.00      2.41      0.00      0.00     92.87
09:29:40        all      4.82      0.00      2.51      0.00      0.00     92.66
09:29:50        all      5.43      0.00      3.02      0.00      0.00     91.56
09:30:00        all      5.42      0.00      2.61      0.00      0.00     91.97
09:30:10        all      5.02      0.00      2.71      0.00      0.00     92.28
09:30:20        all      4.42      0.00      2.41      0.10      0.00     93.07
09:30:31        all      4.20      0.00      2.19      0.27      0.00     93.34
09:30:41        all      6.04      0.00      3.22      0.00      0.00     90.74
09:30:51        all      5.02      0.00      3.11      0.00      0.00     91.87
09:31:01        all      4.42      0.00      2.21      0.00      0.00     93.37
09:31:11        all      4.92      0.00      2.61      0.00      0.00     92.47
09:31:21        all      5.53      0.00      2.91      0.20      0.00     91.36
09:31:31        all      4.42      0.00      2.21      0.00      0.00     93.37
09:31:41        all      4.82      0.00      2.61      0.00      0.00     92.56
09:31:51        all      5.42      0.00      2.81      0.20      0.00     91.57
09:32:01        all      5.02      0.00      3.11      0.00      0.00     91.87
09:32:11        all      4.82      0.00      2.41      0.00      0.00     92.77
09:32:21        all      4.60      0.00      2.50      0.10      0.00     92.79
09:32:31        all      4.62      0.00      2.21      0.00      0.00     93.17
09:32:41        all      6.04      0.00      3.22      0.00      0.00     90.74
09:32:51        all      5.33      0.00      3.02      0.00      0.00     91.66
09:33:01        all      4.61      0.00      2.40      0.30      0.00     92.69
09:33:11        all      6.14      0.00      2.92     10.46      0.00     80.48
09:33:21        all      8.28      0.00      5.35     75.56      0.00     10.81
09:33:31        all      9.70      0.00      4.65     68.18      0.00     17.47
09:33:41        all      7.24      0.00      4.02     26.16      0.00     62.58
09:33:52        all     10.89      0.00      4.12     19.40      0.00     65.60
09:34:02        all      6.46      0.00      3.23     16.97      0.00     73.33
09:34:12        all      7.75      0.00      3.52     21.85      0.00     66.87
09:34:22        all      8.14      0.00      3.32     19.10      0.00     69.45
09:34:32        all      8.67      0.00      3.33     15.22      0.00     72.78
09:34:42        all      7.84      0.00      3.02     12.66      0.00     76.48
09:34:52        all      7.97      0.00      3.13     13.93      0.00     74.97
09:35:02        all      6.53      0.00      2.61     14.87      0.00     75.98
09:35:12        all      8.26      0.00      3.52      7.25      0.00     80.97
09:35:22        all      9.58      0.00      2.72     14.01      0.00     73.69
09:35:32        all      7.93      0.00      3.01      5.02      0.00     84.04
09:35:42        all      7.34      0.00      2.92      6.54      0.00     83.20
09:35:52        all      9.26      0.00      4.02      6.94      0.00     79.78
09:36:02        all     14.30      0.00      3.32     15.11      0.00     67.27
09:36:13        all     23.94      0.00      3.12      5.96      0.00     66.97
09:36:23        all     27.16      0.00      3.32      3.72      0.00     65.79
09:36:33        all     37.68      0.00      3.54      8.59      0.00     50.20

09:36:33        CPU     %user     %nice   %system   %iowait    %steal     %idle
09:36:43        all     25.98      0.00      3.02      1.81      0.00     69.18
09:36:53        all     29.16      0.00      3.83      1.31      0.00     65.69
09:37:03        all     27.04      0.00      3.03      1.82      0.00     68.11
09:37:13        all     23.84      0.00      4.63      1.31      0.00     70.22
09:37:23        all     30.85      0.00      3.23      4.94      0.00     60.99
09:37:33        all     28.48      0.00      3.03      0.71      0.00     67.78
09:37:43        all     23.71      0.00      3.13      7.97      0.00     65.19
09:37:53        all     26.14      0.00      4.24      1.21      0.00     68.42
09:38:03        all     28.59      0.00      3.23      7.17      0.00     61.01
09:38:14        all     27.01      0.00      2.84      2.38      0.00     67.77
09:38:24        all     29.84      0.00      3.93      0.20      0.00     66.03
09:38:34        all     23.13      0.00      3.84      0.00      0.00     73.03
09:38:44        all     27.65      0.00      3.33      2.83      0.00     66.20
09:38:54        all     27.25      0.00      3.83      0.20      0.00     68.72
09:39:04        all     78.11      0.00      5.12      0.00      0.00     16.77
09:39:14        all     94.01      0.00      5.99      0.00      0.00      0.00
09:39:24        all     93.91      0.00      6.09      0.00      0.00      0.00
09:39:34        all     94.19      0.00      5.81      0.00      0.00      0.00
09:39:44        all     94.40      0.00      5.60      0.00      0.00      0.00
09:39:54        all     93.60      0.00      6.40      0.00      0.00      0.00
09:40:04        all     94.71      0.00      5.29      0.00      0.00      0.00
09:40:14        all     94.40      0.00      5.60      0.00      0.00      0.00
09:40:24        all     94.90      0.00      5.10      0.00      0.00      0.00
09:40:34        all     94.70      0.00      5.30      0.00      0.00      0.00
09:40:44        all     95.30      0.00      4.70      0.00      0.00      0.00
09:40:54        all     93.30      0.00      6.70      0.00      0.00      0.00
09:41:04        all     94.41      0.10      5.49      0.00      0.00      0.00
09:41:14        all     93.69      0.00      6.31      0.00      0.00      0.00
09:41:24        all     94.21      0.00      5.79      0.00      0.00      0.00
09:41:34        all     94.59      0.00      5.41      0.00      0.00      0.00
09:41:44        all     94.31      0.00      5.69      0.00      0.00      0.00
09:41:54        all     93.90      0.00      6.10      0.00      0.00      0.00
09:42:04        all     92.79      0.00      5.81      0.00      0.00      1.40
09:42:14        all     90.30      0.00      9.70      0.00      0.00      0.00
09:42:24        all     91.81      0.00      8.19      0.00      0.00      0.00
09:42:34        all     92.00      0.00      8.00      0.00      0.00      0.00
09:42:44        all     91.59      0.00      8.41      0.00      0.00      0.00
09:42:54        all     91.21      0.00      8.79      0.00      0.00      0.00
09:43:04        all     91.80      0.00      8.20      0.00      0.00      0.00
09:43:14        all     91.11      0.00      8.89      0.00      0.00      0.00
09:43:24        all     91.70      0.00      8.30      0.00      0.00      0.00
09:43:34        all     90.80      0.00      9.20      0.00      0.00      0.00
09:43:44        all     91.40      0.00      8.60      0.00      0.00      0.00
09:43:54        all     91.59      0.00      8.41      0.00      0.00      0.00
09:44:04        all     90.80      0.00      9.20      0.00      0.00      0.00

09:44:04        CPU     %user     %nice   %system   %iowait    %steal     %idle
09:44:14        all     91.51      0.00      8.49      0.00      0.00      0.00
09:44:24        all     91.00      0.00      9.00      0.00      0.00      0.00
09:44:34        all     90.50      0.00      9.50      0.00      0.00      0.00
09:44:44        all     91.49      0.00      8.51      0.00      0.00      0.00
09:44:54        all     90.61      0.00      9.39      0.00      0.00      0.00
09:45:04        all     90.80      0.00      9.20      0.00      0.00      0.00
09:45:14        all     93.49      0.00      6.51      0.00      0.00      0.00
09:45:24        all     11.53      0.00      2.41      0.00      0.00     86.06
09:45:34        all      5.41      0.00      3.21      0.00      0.00     91.38
09:45:44        all      5.13      0.00      3.32      0.00      0.00     91.56
09:45:54        all      5.43      0.00      2.82      0.40      0.00     91.35
09:46:04        all      4.53      0.00      2.31      0.00      0.00     93.16
09:46:14        all      4.91      0.00      2.61      0.00      0.00     92.48
09:46:24        all      5.22      0.00      3.11      0.00      0.00     91.67
09:46:34        all      5.13      0.00      2.41      0.10      0.00     92.35
09:46:44        all      4.83      0.00      2.31      0.00      0.00     92.86
09:46:54        all      5.43      0.00      2.91      0.00      0.00     91.66
09:47:04        all      5.34      0.00      3.02      0.00      0.00     91.64
09:47:14        all      6.22      0.00      3.31      0.00      0.00     90.46
09:47:25        all      6.39      0.00      2.74      0.00      0.00     90.87
09:47:35        all      4.93      0.00      2.31      0.20      0.00     92.56
09:47:45        all      5.32      0.00      3.31      0.00      0.00     91.37
09:47:55        all      5.72      0.00      2.91      1.41      0.00     89.96
09:48:05        all      4.82      0.00      2.31      0.00      0.00     92.86
09:48:15        all      6.12      0.00      2.71      0.40      0.00     90.76
09:48:25        all      6.42      0.00      2.91      0.00      0.00     90.67
09:48:35        all      6.63      0.00      2.31      0.10      0.00     90.96
09:48:45        all      6.96      0.00      2.32      0.10      0.00     90.62
09:48:55        all      5.62      0.00      3.11      0.00      0.00     91.27
09:49:05        all      5.74      0.00      2.92      0.30      0.00     91.04
09:49:15        all      4.23      0.00      2.41      0.00      0.00     93.36
09:49:25        all      4.81      0.00      2.41      0.00      0.00     92.78
09:49:35        all      5.23      0.00      3.02      0.10      0.00     91.66
09:49:45        all      6.42      0.00      3.51      0.10      0.00     89.97
09:49:55        all      5.83      0.00      3.12      0.40      0.00     90.65
09:50:05        all      5.04      0.00      2.52      0.10      0.00     92.35
09:50:15        all     18.26      0.00     12.51      9.28      0.00     59.94
09:50:25        all      3.64      0.00      2.53     58.79      0.00     35.05
09:50:36        all      3.74      0.00      1.19      0.00      0.00     95.07
09:50:46        all      3.01      0.00      1.20      0.10      0.00     95.68
09:50:56        all      4.12      0.00      1.81      0.00      0.00     94.07
09:51:06        all      3.11      0.00      1.10      0.20      0.00     95.58
09:51:16        all      2.81      0.00      1.41      0.00      0.00     95.78
09:51:26        all      2.82      0.00      1.01      0.00      0.00     96.18
09:51:36        all      3.31      0.00      1.30      0.10      0.00     95.29

09:51:36        CPU     %user     %nice   %system   %iowait    %steal     %idle
09:51:46        all      3.01      0.00      1.30      0.00      0.00     95.69
09:51:56        all      5.72      0.00      3.41      0.00      0.00     90.86
09:52:06        all      5.93      0.00      3.02      0.40      0.00     90.65
09:52:16        all      4.82      0.00      2.71      0.00      0.00     92.46
09:52:26        all      4.42      0.00      2.31      0.00      0.00     93.27
09:52:36        all      5.32      0.00      2.41      0.10      0.00     92.17
09:52:46        all      5.73      0.00      2.91      0.00      0.00     91.36
09:52:56        all      5.91      0.00      2.91      0.00      0.00     91.18
09:53:06        all      4.83      0.00      2.62      0.00      0.00     92.55
09:53:16        all      6.63      0.00      3.12      0.00      0.00     90.25
09:53:26        all      5.73      0.00      3.22      0.00      0.00     91.06
09:53:36        all      5.13      0.00      2.31      0.10      0.00     92.46
09:53:46        all      4.33      0.00      2.31      0.10      0.00     93.26
09:53:56        all      5.02      0.00      3.11      0.00      0.00     91.87
09:54:06        all      6.14      0.00      2.82      0.00      0.00     91.05
09:54:17        all      4.47      0.00      2.28      0.00      0.00     93.25
09:54:27        all      4.81      0.00      2.61      0.50      0.00     92.08
09:54:37        all      6.04      0.00      2.82      0.00      0.00     91.14
09:54:47        all      4.73      0.00      2.11      0.00      0.00     93.15
09:54:57        all      5.43      0.00      2.81      0.00      0.00     91.76
09:55:07        all      4.72      0.00      2.51      0.00      0.00     92.76
09:55:17        all      5.92      0.00      3.01      0.00      0.00     91.06
09:55:27        all      4.12      0.00      2.71      0.00      0.00     93.17
09:55:37        all      6.02      0.00      2.81      0.10      0.00     91.06
09:55:47        all      4.33      0.00      2.31      0.20      0.00     93.16
09:55:57        all      6.63      0.00      4.12      2.81      0.00     86.43
09:56:07        all      4.73      0.00      2.82      0.30      0.00     92.15
09:56:17        all      4.74      0.00      3.02      1.41      0.00     90.83
09:56:27        all      4.62      0.00      2.81      0.40      0.00     92.16
09:56:37        all      6.73      0.00      3.31      0.10      0.00     89.86
09:56:47        all      6.93      0.00      3.12     37.19      0.00     52.76
09:56:57        all      5.43      0.00      2.61      0.00      0.00     91.96
09:57:07        all      4.82      0.00      2.71      0.00      0.00     92.46
09:57:17        all      5.33      0.00      2.92      0.00      0.00     91.75
09:57:27        all      5.02      0.00      2.61      0.00      0.00     92.38
09:57:28        all      2.02      0.00      1.01      1.01      0.00     95.96
09:57:38        all      4.93      0.00      2.32      0.00      0.00     92.75
09:57:48        all      4.62      0.00      2.21      0.00      0.00     93.17
09:57:58        all      6.23      0.00      3.82      0.10      0.00     89.85
09:58:08        all      4.42      0.00      2.51      0.00      0.00     93.07
09:58:18        all      7.44      0.00      3.52      0.00      0.00     89.05
09:58:28        all      4.82      0.00      2.71      0.00      0.00     92.47
09:58:38        all      6.54      0.00      3.12      0.20      0.00     90.14
09:58:48        all      4.72      0.00      2.91      0.00      0.00     92.37
09:58:58        all      5.32      0.00      3.21      0.10      0.00     91.37

09:58:58        CPU     %user     %nice   %system   %iowait    %steal     %idle
09:59:08        all      4.82      0.00      2.61      0.00      0.00     92.57
09:59:18        all      5.23      0.00      3.02      0.00      0.00     91.76
09:59:28        all      4.82      0.00      2.41      0.00      0.00     92.76
09:59:38        all      5.02      0.00      2.51      0.10      0.00     92.38
09:59:48        all      4.62      0.00      2.41      0.10      0.00     92.87
09:59:58        all      6.53      0.00      3.32      0.00      0.00     90.15
10:00:08        all      4.63      0.00      2.32      0.00      0.00     93.05
10:00:18        all      4.62      0.00      2.51      0.00      0.00     92.86
10:00:28        all      4.41      0.00      2.61      0.00      0.00     92.98
10:00:38        all      6.45      0.00      3.22      0.00      0.00     90.33
10:00:48        all      4.12      0.00      2.41      0.00      0.00     93.46
10:00:59        all      5.57      0.00      3.01      0.18      0.00     91.24
10:01:09        all      5.92      0.00      3.11      0.20      0.00     90.76
10:01:19        all      4.63      0.00      2.31      0.00      0.00     93.06
10:01:29        all      4.52      0.00      2.51      0.00      0.00     92.96
10:01:39        all      4.84      0.00      2.32      0.20      0.00     92.64
10:01:49        all      6.23      0.00      3.72      0.00      0.00     90.05
10:01:59        all      4.42      0.00      2.51      0.00      0.00     93.07
10:02:09        all      4.83      0.00      2.22      0.10      0.00     92.85
10:02:19        all      4.82      0.00      2.61      0.00      0.00     92.57
10:02:29        all      5.52      0.00      3.11      0.00      0.00     91.37
10:02:39        all      5.43      0.00      2.51      0.00      0.00     92.06
10:02:49        all      5.12      0.00      3.01      0.00      0.00     91.87
10:02:59        all      4.63      0.00      2.31      0.30      0.00     92.76
10:03:09        all      5.23      0.00      3.12      0.10      0.00     91.55
10:03:19        all      6.82      0.00      2.91      0.00      0.00     90.27
10:03:29        all      5.03      0.00      2.81      0.00      0.00     92.16
10:03:39        all      4.92      0.00      2.41      0.10      0.00     92.56
10:03:49        all      7.13      0.00      3.92      0.00      0.00     88.96
10:03:59        all      4.52      0.00      2.81      0.00      0.00     92.66
10:04:09        all      4.93      0.00      2.21      0.10      0.00     92.76
10:04:20        all      4.48      0.00      2.38      0.00      0.00     93.14
10:04:30        all      5.13      0.00      3.32      0.00      0.00     91.56
10:04:40        all      5.44      0.00      2.22      0.00      0.00     92.34
10:04:50        all      5.43      0.00      2.91      0.00      0.00     91.66
10:05:00        all      5.62      0.00      2.91      0.50      0.00     90.96
10:05:10        all      5.84      0.00      3.63      0.20      0.00     90.33
10:05:20        all      4.82      0.00      3.12      0.20      0.00     91.86
10:05:30        all      4.54      0.00      3.03      0.40      0.00     92.03
10:05:40        all      4.92      0.00      2.61      0.30      0.00     92.16
10:05:50        all      7.03      0.00      4.32      0.00      0.00     88.65
10:06:00        all      4.52      0.00      2.51      0.30      0.00     92.67
10:06:10        all      4.53      0.00      2.62      0.10      0.00     92.76
10:06:20        all      4.62      0.00      2.51      0.00      0.00     92.86
10:06:30        all     50.00      0.00      6.24     13.58      0.00     30.18

10:06:30        CPU     %user     %nice   %system   %iowait    %steal     %idle
10:06:40        all     69.59      0.00      6.34     21.25      0.00      2.82
10:06:50        all     67.30      0.00      6.94     22.94      0.00      2.82
10:07:00        all     62.10      0.00      6.45     29.13      0.00      2.32
10:07:11        all     62.18      0.00      7.69     27.38      0.00      2.75
10:07:21        all     66.09      0.00      6.16     23.61      0.00      4.14
10:07:31        all     67.47      0.00      6.43     22.89      0.00      3.21
10:07:41        all     66.43      0.00      8.24     22.71      0.00      2.61
10:07:51        all     41.79      0.00      5.84     19.84      0.00     32.53
10:08:01        all      5.23      0.00      3.12      8.34      0.00     83.32
10:08:11        all      4.93      0.00      3.02      5.03      0.00     87.02
10:08:21        all      7.55      0.00      3.42      0.00      0.00     89.02
10:08:31        all      4.93      0.00      2.41      0.10      0.00     92.56
10:08:41        all      5.39      0.00      3.00      0.00      0.00     91.61
10:08:51        all      5.42      0.00      3.01      0.00      0.00     91.57
10:09:01        all      5.43      0.00      2.82      0.00      0.00     91.75
10:09:11        all      4.82      0.00      2.41      0.20      0.00     92.57
10:09:21        all      4.62      0.00      2.41      0.00      0.00     92.96
10:09:31        all      4.52      0.10      2.51      0.00      0.00     92.87
10:09:41        all      6.13      0.00      2.91      0.00      0.00     90.95
10:09:51        all      5.33      0.00      3.02      0.00      0.00     91.66
10:10:01        all      5.12      0.00      2.41      0.30      0.00     92.18
10:10:11        all      4.72      0.00      2.51      0.10      0.00     92.66
10:10:21        all      5.82      0.00      3.31      0.00      0.00     90.86
10:10:31        all      4.61      0.00      2.71      0.00      0.00     92.68
10:10:42        all      6.30      0.00      3.10      0.18      0.00     90.42
10:10:52        all      5.54      0.00      3.73      0.00      0.00     90.74
10:11:02        all      6.23      0.00      3.72      0.00      0.00     90.05
10:11:12        all      5.14      0.00      2.82      0.00      0.00     92.04
10:11:22        all      4.62      0.00      2.91      0.00      0.00     92.47
10:11:32        all      5.03      0.00      2.81      0.00      0.00     92.16
10:11:42        all      5.92      0.00      3.61      0.00      0.00     90.46
10:11:52        all      5.13      0.00      3.12      0.10      0.00     91.65
10:12:02        all      4.62      0.00      2.61      0.00      0.00     92.77
10:12:12        all      4.82      0.00      2.51      0.00      0.00     92.66
10:12:22        all      5.63      0.00      3.02      0.00      0.00     91.36
10:12:32        all      4.42      0.00      2.41      0.00      0.00     93.17
10:12:42        all      5.43      0.00      2.61      0.00      0.00     91.96
10:12:52        all      5.62      0.00      3.21      0.00      0.00     91.17
10:13:02        all      5.63      0.00      3.22      0.00      0.00     91.16
10:13:12        all      4.82      0.00      2.51      0.10      0.00     92.57
10:13:22        all      6.63      0.00      2.61      0.00      0.00     90.76
10:13:32        all      4.93      0.00      2.01      0.30      0.00     92.75
10:13:42        all      5.73      0.00      3.02      0.00      0.00     91.26
10:13:52        all      5.13      0.00      3.12      0.00      0.00     91.75
10:14:03        all      4.38      0.00      2.37      0.00      0.00     93.24

10:14:03        CPU     %user     %nice   %system   %iowait    %steal     %idle
10:14:13        all      5.52      0.00      3.51      0.10      0.00     90.86
10:14:23        all      4.72      0.00      2.41      0.00      0.00     92.86
10:14:33        all      5.14      0.00      2.42      0.00      0.00     92.45
10:14:43        all      4.81      0.00      2.51      0.10      0.00     92.58
10:14:53        all      6.24      0.00      3.72      0.00      0.00     90.04
10:15:03        all      4.52      0.00      2.41      0.00      0.00     93.07
10:15:13        all      5.13      0.00      2.91      0.00      0.00     91.96
10:15:23        all      4.32      0.00      2.51      0.00      0.00     93.17
10:15:33        all      5.92      0.00      3.11      0.00      0.00     90.96
10:15:43        all      4.42      0.00      2.31      0.00      0.00     93.27
10:15:53        all      5.93      0.00      3.32      0.00      0.00     90.75
10:16:03        all      5.42      0.00      2.71      0.60      0.00     91.27
10:16:13        all      3.22      0.00      1.21      0.00      0.00     95.57
10:16:23        all      7.53      0.00      4.12      0.50      0.00     87.85
10:16:33        all      3.32      0.00      1.31      0.00      0.00     95.38
10:16:43        all     15.57      0.00     10.21      3.44      0.00     70.78
10:16:53        all      6.55      0.00      4.33     40.73      0.00     48.39
10:17:04        all      2.83      0.00      1.28      0.09      0.00     95.80
10:17:14        all      3.52      0.00      1.01      0.00      0.00     95.48
10:17:24        all      3.02      0.00      1.01      0.00      0.00     95.98
10:17:34        all      3.22      0.00      1.11      0.10      0.00     95.57
10:17:44        all      2.81      0.00      0.90      0.00      0.00     96.28
10:17:54        all      3.72      0.00      1.81      0.00      0.00     94.47
10:18:04        all      3.01      0.00      1.31      0.40      0.00     95.28
10:18:14        all      4.92      0.00      2.31      0.00      0.00     92.76
10:18:24        all      6.66      0.00      3.03      0.10      0.00     90.21
10:18:34        all      5.12      0.00      2.61      0.10      0.00     92.17
10:18:44        all      4.63      0.00      2.31      0.00      0.00     93.06
10:18:54        all      6.74      0.00      4.23      0.00      0.00     89.03
10:19:04        all      4.73      0.00      2.41      0.10      0.00     92.76
10:19:14        all      4.92      0.00      2.91      0.00      0.00     92.16
10:19:24        all      4.63      0.00      2.62      2.72      0.00     90.03
10:19:34        all      5.73      0.00      3.02      0.10      0.00     91.16
10:19:44        all      4.60      0.00      2.50      0.00      0.00     92.89
10:19:54        all      5.22      0.00      3.11      0.00      0.00     91.67
10:20:04        all      4.53      0.00      2.41      0.00      0.00     93.06
10:20:15        all      6.03      0.00      3.56      0.00      0.00     90.41
10:20:25        all      4.63      0.00      2.21      0.00      0.00     93.16
10:20:35        all      5.52      0.00      2.71      0.00      0.00     91.78
10:20:45        all      4.12      0.00      2.31      0.00      0.00     93.57
10:20:55        all      6.43      0.00      3.61      0.10      0.00     89.86
10:21:05        all      4.73      0.00      2.52      0.00      0.00     92.76
10:21:15        all      4.52      0.00      2.61      0.00      0.00     92.87
10:21:25        all      4.53      0.00      2.41      0.10      0.00     92.96
10:21:35        all      6.13      0.00      3.12      0.00      0.00     90.75

10:21:35        CPU     %user     %nice   %system   %iowait    %steal     %idle
10:21:45        all      4.12      0.00      2.41      0.00      0.00     93.47
10:21:55        all      5.53      0.00      2.81      0.00      0.00     91.66
10:22:05        all      4.63      0.00      2.41      0.20      0.00     92.76
10:22:15        all      5.62      0.00      3.11      0.00      0.00     91.27
10:22:25        all      4.53      0.00      2.41      0.00      0.00     93.06
10:22:35        all      5.53      0.00      2.51      0.00      0.00     91.96
10:22:45        all      4.72      0.00      2.11      0.00      0.00     93.17
10:22:55        all      6.04      0.00      3.72      0.20      0.00     90.04
10:23:05        all      5.02      0.00      2.71      0.10      0.00     92.17
10:23:15        all      6.14      0.00      2.62      0.00      0.00     91.24
10:23:25        all      5.03      0.00      2.81      0.00      0.00     92.16
10:23:36        all      5.66      0.00      3.01      0.09      0.00     91.23
10:23:46        all      4.23      0.00      2.11      0.10      0.00     93.55
10:23:56        all      5.14      0.00      3.12      0.00      0.00     91.74
10:24:06        all      5.82      0.00      3.41      0.00      0.00     90.76
10:24:16        all      4.72      0.00      2.31      0.00      0.00     92.96
10:24:26        all      4.22      0.00      2.61      0.00      0.00     93.17
10:24:36        all      5.23      0.00      2.82      0.00      0.00     91.95
10:24:46        all      5.32      0.00      2.91      0.00      0.00     91.77
10:24:56        all      5.62      0.00      3.01      0.00      0.00     91.37
10:25:06        all      4.63      0.00      2.52      0.00      0.00     92.86
10:25:16        all      5.02      0.00      2.81      0.10      0.00     92.07
10:25:26        all      5.53      0.00      2.91      0.00      0.00     91.56
10:25:36        all      5.14      0.00      2.32      0.00      0.00     92.55
10:25:46        all      4.32      0.00      2.41      0.00      0.00     93.27
10:25:56        all      5.32      0.00      3.11      0.00      0.00     91.57
10:26:06        all      5.73      0.00      2.91      0.20      0.00     91.16
10:26:16        all      4.92      0.00      2.51      0.00      0.00     92.56
10:26:26        all      4.32      0.00      2.51      0.00      0.00     93.17
10:26:36        all      5.63      0.00      2.31      0.00      0.00     92.06
10:26:46        all      5.32      0.00      3.11      0.00      0.00     91.57
10:26:56        all      5.72      0.00      3.41      0.30      0.00     90.56
10:27:07        all      4.21      0.00      2.47      0.18      0.00     93.14
10:27:17        all      4.43      0.00      2.52      0.00      0.00     93.06
10:27:27        all      5.43      0.00      3.12      0.00      0.00     91.46
10:27:37        all      5.03      0.00      2.41      0.00      0.00     92.56
10:27:47        all      4.82      0.00      2.11      0.00      0.00     93.07
10:27:57        all      5.14      0.00      3.02      0.00      0.00     91.84
10:28:07        all      7.04      0.00      4.92      0.10      0.00     87.94
10:28:17        all      6.83      0.00      2.91      0.00      0.00     90.25
10:28:27        all      4.72      0.00      2.61      0.10      0.00     92.57
10:28:37        all      5.33      0.00      2.31      0.00      0.00     92.36
10:28:47        all      5.42      0.00      2.91      0.00      0.00     91.67
10:28:57        all      5.53      0.00      3.12      0.00      0.00     91.35
10:29:07        all      4.82      0.00      2.41      0.40      0.00     92.37

10:29:07        CPU     %user     %nice   %system   %iowait    %steal     %idle
10:29:17        all      4.72      0.00      2.61      0.00      0.00     92.67
10:29:27        all      5.22      0.00      3.41      0.00      0.00     91.37
10:29:37        all      5.03      0.00      2.41      0.00      0.00     92.56
10:29:47        all      4.42      0.00      2.41      0.00      0.00     93.17
10:29:57        all      5.44      0.00      2.92      0.30      0.00     91.34
10:30:07        all      5.63      0.00      3.22      0.00      0.00     91.15
10:30:18        all      4.75      0.00      2.47      0.00      0.00     92.79
10:30:28        all      4.32      0.00      2.31      0.00      0.00     93.37
10:30:38        all      5.95      0.00      3.12      0.00      0.00     90.93
10:30:48        all      4.81      0.00      2.71      0.00      0.00     92.48
10:30:58        all      5.23      0.00      3.12      0.30      0.00     91.36
10:31:08        all      5.12      0.00      2.31      0.00      0.00     92.57
10:31:18        all      5.52      0.00      3.31      0.00      0.00     91.17
10:31:28        all      4.62      0.00      2.21      0.10      0.00     93.07
10:31:38        all      5.03      0.00      2.41      0.00      0.00     92.56
10:31:48        all      4.62      0.00      2.41      0.00      0.00     92.96
10:31:58        all      6.83      0.00      3.51      0.00      0.00     89.66
10:32:08        all      4.73      0.00      2.72      0.00      0.00     92.55
10:32:18        all      5.23      0.00      2.61      0.10      0.00     92.06
10:32:28        all      4.22      0.00      2.51      0.00      0.00     93.27
10:32:38        all      6.63      0.00      3.02      0.00      0.00     90.35
10:32:48        all      4.32      0.00      2.61      0.00      0.00     93.07
10:32:58        all      5.42      0.00      3.31      0.10      0.00     91.16
10:33:08        all      5.13      0.00      2.41      0.20      0.00     92.25
10:33:18        all      7.64      0.00      3.72      0.00      0.00     88.64
10:33:28        all      5.12      0.00      2.31      0.00      0.00     92.58
10:33:38        all      4.92      0.00      2.61      0.10      0.00     92.37
10:33:49        all      5.30      0.00      2.74      0.00      0.00     91.96
10:33:59        all      5.33      0.00      2.91      0.00      0.00     91.76
10:34:09        all      5.03      0.00      2.71      0.00      0.00     92.26
10:34:19        all      5.13      0.00      2.71      0.00      0.00     92.16
10:34:29        all      4.72      0.00      2.71      0.10      0.00     92.47
10:34:39        all      6.64      0.00      3.22      0.00      0.00     90.14
10:34:49        all      5.24      0.00      3.23      0.00      0.00     91.53
10:34:59        all      4.82      0.00      2.41      0.00      0.00     92.76
10:35:09        all      4.72      0.00      2.81      0.00      0.00     92.46
10:35:19        all      6.02      0.00      3.41      0.00      0.00     90.56
10:35:29        all      4.33      0.00      2.72      0.00      0.00     92.96
10:35:39        all      5.04      0.00      2.62      0.00      0.00     92.35
10:35:49        all      5.73      0.00      3.22      0.00      0.00     91.06
10:35:59        all      5.82      0.00      3.11      0.10      0.00     90.96
10:36:09        all      4.93      0.00      2.42      0.00      0.00     92.65
10:36:19        all      4.42      0.00      2.61      0.00      0.00     92.97
10:36:29        all      4.62      0.00      2.11      0.20      0.00     93.07
10:36:39        all      6.14      0.00      3.02      0.10      0.00     90.74

10:36:39        CPU     %user     %nice   %system   %iowait    %steal     %idle
10:36:49        all      5.72      0.00      3.01      0.00      0.00     91.27
10:37:00        all      4.47      0.00      2.28      0.00      0.00     93.24
10:37:10        all      5.63      0.00      3.02      0.00      0.00     91.35
10:37:20        all      4.72      0.00      2.61      0.00      0.00     92.66
10:37:30        all      4.61      0.00      2.21      0.20      0.00     92.98
10:37:40        all      4.92      0.00      2.41      0.00      0.00     92.66
10:37:50        all      6.23      0.00      3.72      0.00      0.00     90.05
10:38:00        all      5.02      0.00      2.61      0.00      0.00     92.37
10:38:10        all      4.83      0.00      2.42      0.00      0.00     92.75
10:38:20        all      6.52      0.00      3.11      0.00      0.00     90.37
10:38:30        all      5.62      0.00      2.91      0.10      0.00     91.37
10:38:40        all      5.13      0.00      2.41      0.00      0.00     92.45
10:38:50        all      5.43      0.00      2.71      0.20      0.00     91.66
10:39:00        all      4.82      0.00      2.41      0.00      0.00     92.76
10:39:10        all      6.04      0.00      2.82      0.00      0.00     91.15
10:39:20        all      4.52      0.00      2.61      0.00      0.00     92.87
10:39:30        all      4.82      0.00      2.31      0.10      0.00     92.76
10:39:40        all      5.12      0.00      2.61      0.00      0.00     92.28
10:39:50        all      6.22      0.00      3.82      0.00      0.00     89.96
10:40:00        all      4.72      0.00      2.31      0.20      0.00     92.76
10:40:10        all      4.82      0.00      2.51      0.00      0.00     92.66
10:40:20        all      4.93      0.00      2.62      0.00      0.00     92.45
10:40:30        all      5.52      0.00      3.21      0.10      0.00     91.17
10:40:31        all      1.01      0.00      1.01      0.00      0.00     97.98
10:40:41        all      5.13      0.00      2.41      0.00      0.00     92.46
10:40:51        all      5.63      0.00      2.71      0.00      0.00     91.66
10:41:01        all      4.42      0.00      2.41      0.30      0.00     92.86
10:41:11        all      6.01      0.00      3.31      0.00      0.00     90.68
10:41:21        all      4.41      0.00      2.21      0.00      0.00     93.38
10:41:31        all      4.73      0.00      2.31      0.10      0.00     92.86
10:41:41        all      4.73      0.00      2.41      0.00      0.00     92.86
10:41:51        all      6.53      0.00      3.51      0.00      0.00     89.96
10:42:01        all      4.62      0.00      2.21      0.20      0.00     92.97
10:42:11        all      4.72      0.00      2.81      0.00      0.00     92.47
10:42:21        all      4.72      0.00      2.31      0.00      0.00     92.96
10:42:31        all      5.32      0.00      3.01      0.00      0.00     91.68
10:42:41        all      5.24      0.10      2.42      0.00      0.00     92.25
10:42:51        all      5.73      0.00      3.82      0.00      0.00     90.44
10:43:01        all      4.41      0.00      2.51      0.30      0.00     92.78
10:43:11        all      5.94      0.00      3.42      0.10      0.00     90.54
10:43:21        all      6.13      0.00      2.91      0.00      0.00     90.95
10:43:31        all      4.63      0.00      2.52      0.00      0.00     92.85
10:43:41        all      4.82      0.00      2.51      0.00      0.00     92.67
10:43:51        all      6.23      0.00      3.72      0.20      0.00     89.85
10:44:02        all      4.20      0.00      2.38      0.00      0.00     93.42

10:44:02        CPU     %user     %nice   %system   %iowait    %steal     %idle
10:44:12        all      5.12      0.00      2.71      0.00      0.00     92.17
10:44:22        all      5.43      0.00      2.82      0.00      0.00     91.75
10:44:32        all      4.33      0.00      2.31      0.20      0.00     93.16
10:44:42        all      5.23      0.00      2.51      0.00      0.00     92.26
10:44:52        all      5.52      0.00      3.31      0.00      0.00     91.17
10:45:02        all      5.72      0.00      2.91      0.10      0.00     91.27
10:45:12        all      4.92      0.00      2.71      0.00      0.00     92.36
10:45:22        all      4.92      0.00      2.11      0.00      0.00     92.96
10:45:32        all      4.72      0.00      2.11      0.00      0.00     93.17
10:45:42        all      6.04      0.00      2.82      0.00      0.00     91.14
10:45:52        all      5.52      0.00      3.11      0.00      0.00     91.37
10:46:02        all      4.43      0.00      2.31      0.20      0.00     93.06
10:46:12        all      5.12      0.00      2.61      0.00      0.00     92.27
10:46:22        all      5.52      0.00      3.01      0.10      0.00     91.37
10:46:32        all      4.32      0.00      2.51      0.00      0.00     93.17
10:46:42        all      4.92      0.00      2.61      0.10      0.00     92.36
10:46:52        all      5.33      0.00      2.91      0.00      0.00     91.76
10:47:02        all      5.32      0.00      3.41      0.00      0.00     91.27
10:47:12        all      4.92      0.00      2.71      0.00      0.00     92.37
10:47:22        all      4.52      0.00      2.31      0.00      0.00     93.17
10:47:32        all      4.81      0.00      2.51      0.00      0.00     92.68
10:47:43        all      5.38      0.00      2.92      0.18      0.00     91.51
10:47:53        all      5.14      0.00      3.22      0.00      0.00     91.64
10:48:03        all      4.32      0.00      2.31      0.00      0.00     93.37
10:48:13        all      5.13      0.00      2.82      0.00      0.00     92.05
10:48:23        all      7.52      0.00      3.41      0.00      0.00     89.07
10:48:33        all      5.13      0.00      2.41      0.20      0.00     92.26
10:48:43        all      4.82      0.00      2.31      0.00      0.00     92.86
10:48:53        all      5.32      0.00      2.91      0.00      0.00     91.78
10:49:03        all      5.82      0.00      3.01      0.10      0.00     91.07
10:49:13        all      4.92      0.00      2.61      0.00      0.00     92.47
10:49:23        all      4.42      0.00      2.31      0.00      0.00     93.27
10:49:33        all      5.02      0.00      2.21      0.00      0.00     92.77
10:49:43        all      5.73      0.00      3.02      0.00      0.00     91.26
10:49:53        all      5.72      0.00      2.81      0.00      0.00     91.47
10:50:03        all      4.23      0.00      2.41      0.00      0.00     93.36
10:50:13        all      4.82      0.00      2.71      0.00      0.00     92.47
10:50:23        all      5.42      0.00      3.01      0.00      0.00     91.57
10:50:33        all      5.32      0.00      2.61      0.00      0.00     92.08
10:50:43        all      4.73      0.00      2.22      0.10      0.00     92.95
10:50:53        all      5.42      0.00      3.31      0.00      0.00     91.27
10:51:03        all      5.53      0.00      3.02      0.00      0.00     91.45
10:51:13        all      5.02      0.00      2.61      0.00      0.00     92.38
10:51:23        all      4.91      0.00      2.71      0.30      0.00     92.08
10:51:24        all      2.02      0.00      1.01      0.00      0.00     96.97

10:51:24        CPU     %user     %nice   %system   %iowait    %steal     %idle
10:51:34        all      5.32      0.00      3.31      0.20      0.00     91.17
10:51:44        all      4.72      0.00      2.21      0.00      0.00     93.07
10:51:54        all      5.42      0.00      3.01      0.00      0.00     91.57
10:52:04        all      4.83      0.00      2.32      0.00      0.00     92.85
10:52:14        all      5.52      0.00      3.31      0.00      0.00     91.17
10:52:24        all      4.80      0.00      2.70      0.00      0.00     92.49
10:52:34        all      5.13      0.00      2.51      0.00      0.00     92.36
10:52:44        all      4.53      0.00      2.31      0.00      0.00     93.16
10:52:54        all      6.53      0.00      3.61      0.00      0.00     89.86
10:53:04        all      4.62      0.00      2.21      0.10      0.00     93.07
10:53:14        all      5.62      0.00      2.91      0.00      0.00     91.47
10:53:24        all      5.83      0.00      2.51      0.00      0.00     91.66
10:53:34        all      5.53      0.00      3.12      0.00      0.00     91.35
10:53:44        all      4.62      0.00      2.51      0.10      0.00     92.76
10:53:54        all      5.22      0.00      3.01      0.00      0.00     91.77
10:54:04        all      4.42      0.00      2.61      0.00      0.00     92.96
10:54:14        all      5.52      0.00      3.21      0.00      0.00     91.27
10:54:24        all      4.52      0.00      2.61      0.00      0.00     92.87
10:54:34        all      5.23      0.00      2.41      0.10      0.00     92.25
10:54:44        all      4.82      0.00      2.21      0.00      0.00     92.97
10:54:54        all      6.33      0.00      4.02      0.00      0.00     89.65
10:55:04        all      4.52      0.00      2.41      0.00      0.00     93.07
10:55:15        all      5.40      0.00      2.93      0.00      0.00     91.67
10:55:25        all      4.62      0.00      2.61      0.20      0.00     92.57
10:55:35        all      5.94      0.00      3.12      0.00      0.00     90.95
10:55:45        all      4.21      0.00      2.51      0.00      0.00     93.28
10:55:55        all      4.92      0.00      3.21      0.00      0.00     91.87
10:56:05        all      4.82      0.00      2.71      0.10      0.00     92.37
10:56:15        all      5.52      0.00      3.21      0.00      0.00     91.27
10:56:25        all      4.53      0.00      2.62      0.00      0.00     92.86
10:56:35        all      5.23      0.00      2.31      0.00      0.00     92.46
10:56:45        all      4.82      0.00      3.42      0.00      0.00     91.76
10:56:55        all      6.82      0.00      3.61      0.30      0.00     89.27
10:57:05        all      4.73      0.00      2.32      0.00      0.00     92.95
10:57:15        all      5.02      0.00      2.41      0.00      0.00     92.58
10:57:25        all      4.32      0.00      2.51      0.00      0.00     93.17
10:57:35        all      6.02      0.00      2.91      0.10      0.00     90.96
10:57:45        all      4.52      0.00      2.51      0.00      0.00     92.96
10:57:55        all      5.43      0.00      3.02      0.00      0.00     91.55
10:58:05        all      5.23      0.00      2.31      0.00      0.00     92.46
10:58:15        all      6.72      0.00      3.51      0.00      0.00     89.77
10:58:25        all      5.23      0.00      2.71      0.00      0.00     92.06
10:58:35        all      5.22      0.00      2.21      0.10      0.00     92.47
10:58:46        all      5.39      0.00      2.74      0.00      0.00     91.86
10:58:56        all      5.32      0.00      3.21      0.00      0.00     91.47

10:58:56        CPU     %user     %nice   %system   %iowait    %steal     %idle
10:59:06        all      5.03      0.00      2.41      0.00      0.00     92.56
10:59:16        all      4.72      0.00      2.71      0.10      0.00     92.47
10:59:26        all      5.43      0.00      3.72      0.00      0.00     90.85
10:59:36        all      5.13      0.00      2.71      0.00      0.00     92.16
10:59:46        all      4.42      0.00      2.31      0.00      0.00     93.27
10:59:56        all      5.53      0.00      2.91      0.20      0.00     91.36
11:00:06        all      5.82      0.00      3.31      0.10      0.00     90.77
11:00:16        all      7.02      0.00      2.81      0.10      0.00     90.07
11:00:26        all      5.94      0.00      2.52      0.20      0.00     91.35
11:00:36        all      5.23      0.00      2.31      0.10      0.00     92.36
11:00:46        all      6.53      0.00      3.42      0.00      0.00     90.05
11:00:56        all      6.73      0.00      5.33      8.34      0.00     79.60
11:01:06        all      6.44      0.00      3.22     60.36      0.00     29.98
11:01:16        all      5.96      0.00      4.95     89.09      0.00      0.00
11:01:26        all      7.24      0.00      4.02     39.54      0.00     49.20
11:01:36        all      7.27      0.00      3.13     22.93      0.00     66.67
11:01:47        all      8.52      0.00      2.47     21.06      0.00     67.95
11:01:57        all     12.66      0.00      4.32     20.10      0.00     62.91
11:02:07        all      6.96      0.00      3.43     20.87      0.00     68.75
11:02:17        all      7.85      0.00      3.82     17.81      0.00     70.52
11:02:27        all      6.24      0.00      2.62     16.21      0.00     74.92
11:02:37        all      8.06      0.00      2.42      9.38      0.00     80.14
11:02:47        all      8.45      0.00      4.43     14.79      0.00     72.33
11:02:57        all      7.85      0.00      3.12     11.37      0.00     77.67
11:03:07        all      8.04      0.00      2.71     14.97      0.00     74.27
11:03:17        all      9.56      0.00      3.22     15.59      0.00     71.63
11:03:27        all      9.56      0.00      3.22      8.05      0.00     79.18
11:03:37        all      7.86      0.00      2.72     13.81      0.00     75.60
11:03:47        all     25.35      0.00      3.62     14.79      0.00     56.24
11:03:57        all     28.74      0.00      4.15     15.69      0.00     51.42
11:04:08        all     27.52      0.00      4.13      5.87      0.00     62.48
11:04:18        all     29.57      0.00      3.43     10.60      0.00     56.41
11:04:28        all     36.49      0.00      3.23      2.62      0.00     57.66
11:04:38        all     29.76      0.00      3.74      5.26      0.00     61.23
11:04:48        all     36.72      0.00      3.22      5.94      0.00     54.12
11:04:58        all     31.92      0.00      4.24      2.12      0.00     61.72
11:05:08        all     31.25      0.00      3.43      0.71      0.00     64.62
11:05:18        all     27.64      0.00      4.22      0.30      0.00     67.84
11:05:28        all     35.45      0.00      3.43      0.91      0.00     60.20
11:05:38        all     37.40      0.00      3.23      0.60      0.00     58.77
11:05:48        all     32.76      0.00      3.33      1.21      0.00     62.70
11:05:58        all     35.66      0.00      4.24      5.96      0.00     54.14
11:06:09        all     32.54      0.00      3.94      0.37      0.00     63.15
11:06:19        all     38.10      0.00      4.03      0.10      0.00     57.76
11:06:29        all     34.24      0.00      3.54      0.40      0.00     61.82

11:06:29        CPU     %user     %nice   %system   %iowait    %steal     %idle
11:06:39        all     31.72      0.00      3.64      0.00      0.00     64.65
11:06:49        all     90.71      0.00      5.19      0.00      0.00      4.10
11:06:59        all     95.70      0.00      4.30      0.00      0.00      0.00
11:07:09        all     94.70      0.00      5.30      0.00      0.00      0.00
11:07:19        all     93.40      0.00      6.60      0.00      0.00      0.00
11:07:29        all     94.81      0.00      5.19      0.00      0.00      0.00
11:07:39        all     94.29      0.00      5.71      0.00      0.00      0.00
11:07:49        all     94.01      0.00      5.99      0.00      0.00      0.00
11:07:59        all     93.70      0.00      6.30      0.00      0.00      0.00
11:08:09        all     94.40      0.00      5.60      0.00      0.00      0.00
11:08:19        all     93.70      0.00      6.30      0.00      0.00      0.00
11:08:29        all     94.80      0.00      5.20      0.00      0.00      0.00
11:08:39        all     93.81      0.00      6.19      0.00      0.00      0.00
11:08:49        all     94.70      0.00      5.30      0.00      0.00      0.00
11:08:59        all     95.30      0.00      4.70      0.00      0.00      0.00
11:09:09        all     94.40      0.00      5.60      0.00      0.00      0.00
11:09:19        all     94.09      0.00      5.91      0.00      0.00      0.00
11:09:29        all     94.80      0.00      5.20      0.00      0.00      0.00
11:09:39        all     95.10      0.00      4.90      0.00      0.00      0.00
11:09:49        all     90.39      0.00      8.11      0.00      0.00      1.50
11:09:59        all     92.70      0.00      7.30      0.00      0.00      0.00
11:10:09        all     91.50      0.00      8.50      0.00      0.00      0.00
11:10:19        all     91.81      0.00      8.19      0.00      0.00      0.00
11:10:29        all     92.39      0.00      7.61      0.00      0.00      0.00
11:10:39        all     91.71      0.00      8.29      0.00      0.00      0.00
11:10:49        all     91.50      0.00      8.50      0.00      0.00      0.00
11:10:59        all     92.00      0.00      8.00      0.00      0.00      0.00
11:11:09        all     92.20      0.00      7.80      0.00      0.00      0.00
11:11:19        all     91.09      0.00      8.91      0.00      0.00      0.00
11:11:29        all     92.21      0.00      7.79      0.00      0.00      0.00
11:11:39        all     90.91      0.00      9.09      0.00      0.00      0.00
11:11:49        all     91.49      0.00      8.51      0.00      0.00      0.00
11:11:59        all     91.61      0.00      8.39      0.00      0.00      0.00
11:12:09        all     91.69      0.00      8.31      0.00      0.00      0.00
11:12:19        all     91.30      0.00      8.70      0.00      0.00      0.00
11:12:29        all     92.00      0.00      8.00      0.00      0.00      0.00
11:12:39        all     91.10      0.00      8.90      0.00      0.00      0.00
11:12:49        all     90.70      0.00      9.30      0.00      0.00      0.00
11:12:59        all     55.67      0.00      3.11      0.00      0.00     41.22
11:13:09        all      5.02      0.00      2.41      0.00      0.00     92.57
11:13:19        all      7.53      0.00      3.61      0.10      0.00     88.76
11:13:29        all      4.53      0.00      2.52      0.00      0.00     92.96
11:13:39        all      5.23      0.00      2.52      0.00      0.00     92.25
11:13:49        all      5.43      0.00      2.91      0.10      0.00     91.56
11:13:59        all      5.82      0.00      3.11      0.00      0.00     91.06

11:13:59        CPU     %user     %nice   %system   %iowait    %steal     %idle
11:14:09        all      4.72      0.00      2.31      0.00      0.00     92.97
11:14:19        all      5.13      0.00      2.71      0.20      0.00     91.96
11:14:29        all      4.22      0.00      2.51      0.00      0.00     93.27
11:14:39        all      6.23      0.00      3.02      0.00      0.00     90.75
11:14:49        all      5.34      0.00      2.82      0.00      0.00     91.84
11:14:59        all      4.62      0.00      2.41      0.10      0.00     92.87
11:15:09        all      4.52      0.00      2.61      0.00      0.00     92.86
11:15:19        all      5.52      0.00      3.41      0.00      0.00     91.07
11:15:30        all      4.57      0.00      2.28      0.00      0.00     93.15
11:15:40        all      4.53      0.00      2.31      0.20      0.00     92.96
11:15:50        all      6.54      0.00      3.32      0.00      0.00     90.14
11:16:00        all      4.92      0.00      2.41      0.00      0.00     92.66
11:16:10        all      5.01      0.10      2.40      0.00      0.00     92.48
11:16:20        all      4.81      0.00      2.51      0.10      0.00     92.58
11:16:30        all      5.52      0.00      3.01      0.00      0.00     91.47
11:16:40        all      5.13      0.00      2.62      0.00      0.00     92.25
11:16:50        all      5.32      0.00      2.91      0.00      0.00     91.77
11:17:00        all      4.62      0.00      2.51      0.00      0.00     92.87
11:17:10        all      5.72      0.00      3.21      0.10      0.00     90.96
11:17:20        all      4.52      0.00      2.41      0.00      0.00     93.07
11:17:30        all      4.72      0.00      2.51      0.00      0.00     92.76
11:17:40        all      4.91      0.00      2.41      0.00      0.00     92.68
11:17:50        all      6.44      0.00      3.32      0.00      0.00     90.24
11:18:00        all      4.52      0.00      2.41      0.20      0.00     92.86
11:18:10        all      4.82      0.00      2.71      0.00      0.00     92.46
11:18:20        all      6.93      0.00      2.91      0.20      0.00     89.95
11:18:30        all      5.41      0.00      3.11      0.00      0.00     91.48
11:18:40        all      5.24      0.00      2.32      0.00      0.00     92.44
11:18:50        all      5.43      0.00      2.91      0.00      0.00     91.66
11:19:01        all      4.29      0.00      2.55      0.27      0.00     92.88
11:19:11        all      5.73      0.00      3.12      0.00      0.00     91.16
11:19:21        all      4.52      0.00      2.51      0.00      0.00     92.96
11:19:31        all      4.82      0.00      2.51      0.00      0.00     92.66
11:19:41        all      4.63      0.00      2.31      0.00      0.00     93.06
11:19:51        all      6.33      0.00      4.02      0.10      0.00     89.56
11:20:01        all      4.53      0.00      2.11      0.10      0.00     93.26
11:20:11        all      4.82      0.00      2.51      0.00      0.00     92.66
11:20:21        all      4.92      0.00      2.61      0.10      0.00     92.37
11:20:31        all      5.32      0.00      2.91      0.00      0.00     91.77
11:20:41        all      4.93      0.00      2.72      0.00      0.00     92.35
11:20:51        all      5.13      0.00      2.91      0.10      0.00     91.86
11:21:01        all      4.91      0.00      2.41      0.00      0.00     92.68
11:21:11        all      5.53      0.00      3.02      0.00      0.00     91.46
11:21:21        all      4.53      0.00      2.62      0.00      0.00     92.86
11:21:31        all      4.72      0.00      2.41      0.00      0.00     92.87

11:21:31        CPU     %user     %nice   %system   %iowait    %steal     %idle
11:21:41        all      4.82      0.00      2.51      0.00      0.00     92.66
11:21:51        all      6.63      0.00      3.22      0.00      0.00     90.15
11:22:01        all      4.32      0.00      2.61      0.00      0.00     93.07
11:22:11        all      5.03      0.00      2.51      0.00      0.00     92.46
11:22:21        all      4.52      0.00      2.71      0.10      0.00     92.67
11:22:32        all      5.11      0.00      2.65      0.00      0.00     92.24
11:22:42        all      5.23      0.00      2.41      0.00      0.00     92.36
11:22:52        all      5.52      0.00      3.11      0.10      0.00     91.27
11:23:02        all      5.53      0.00      2.82      0.00      0.00     91.65
11:23:12        all      4.91      0.00      2.31      0.00      0.00     92.78
11:23:22        all      6.45      0.00      2.82      0.00      0.00     90.73
11:23:32        all      4.61      0.00      2.51      0.00      0.00     92.88
11:23:42        all      5.82      0.00      3.01      0.00      0.00     91.16
11:23:52        all      5.62      0.00      2.91      0.10      0.00     91.37
11:24:02        all      4.13      0.00      2.22      0.00      0.00     93.66
11:24:12        all      5.22      0.00      2.71      0.00      0.00     92.07
11:24:22        all      5.32      0.00      3.31      0.00      0.00     91.37
11:24:32        all      4.63      0.00      2.31      0.00      0.00     93.06
11:24:42        all      4.71      0.00      2.81      0.00      0.00     92.48
11:24:52        all      5.03      0.00      3.02      0.00      0.00     91.95
11:25:02        all      5.43      0.00      3.22      0.00      0.00     91.36
11:25:12        all      4.81      0.00      2.61      0.00      0.00     92.58
11:25:22        all      5.13      0.00      2.52      0.00      0.00     92.35
11:25:32        all      4.32      0.00      2.51      0.10      0.00     93.07
11:25:42        all      5.73      0.00      3.02      0.00      0.00     91.25
11:25:52        all      5.03      0.00      3.12      0.00      0.00     91.86
11:26:03        all      4.11      0.00      2.37      0.00      0.00     93.52
11:26:13        all      5.13      0.00      2.51      0.00      0.00     92.36
11:26:23        all      5.43      0.00      3.02      0.00      0.00     91.56
11:26:33        all      4.93      0.00      2.41      0.00      0.00     92.66
11:26:43        all      4.63      0.00      2.11      0.00      0.00     93.26
11:26:53        all      5.23      0.00      3.12      0.00      0.00     91.65
11:27:03        all      5.52      0.00      3.21      0.10      0.00     91.17
11:27:13        all      5.13      0.00      2.71      0.00      0.00     92.16
11:27:23        all      4.62      0.00      2.41      0.00      0.00     92.96
11:27:33        all      4.62      0.00      2.41      0.00      0.00     92.96
11:27:43        all      5.43      0.00      3.32      0.00      0.00     91.25
11:27:53        all      5.22      0.00      3.11      0.10      0.00     91.57
11:28:03        all      4.72      0.00      2.21      0.00      0.00     93.07
11:28:13        all      5.91      0.00      2.80      0.10      0.00     91.19
11:28:23        all      6.73      0.00      3.31      0.00      0.00     89.96
11:28:33        all      5.23      0.00      2.31      0.00      0.00     92.46
11:28:43        all      4.62      0.00      2.41      0.00      0.00     92.97
11:28:53        all      5.52      0.00      3.31      0.30      0.00     90.86
11:29:03        all      5.12      0.00      3.21      0.00      0.00     91.67

11:29:03        CPU     %user     %nice   %system   %iowait    %steal     %idle
11:29:13        all      5.22      0.00      2.71      0.00      0.00     92.08
11:29:23        all      4.32      0.00      2.41      0.00      0.00     93.27
11:29:33        all      4.71      0.00      2.41      0.00      0.00     92.88
11:29:43        all      5.52      0.00      3.31      0.00      0.00     91.17
11:29:54        all      4.94      0.00      2.83      0.09      0.00     92.14
11:30:04        all      4.83      0.00      2.52      0.00      0.00     92.66
11:30:14        all      5.53      0.00      3.22      0.00      0.00     91.25
11:30:24        all      4.92      0.00      2.41      0.00      0.00     92.66
11:30:34        all      4.81      0.00      2.61      0.10      0.00     92.48
11:30:44        all      4.82      0.00      2.71      0.00      0.00     92.46
11:30:54        all      6.33      0.00      3.52      0.00      0.00     90.15
11:31:04        all      4.52      0.00      2.51      0.00      0.00     92.97
11:31:14        all      4.93      0.00      2.62      0.00      0.00     92.45
11:31:24        all      4.42      0.00      2.41      0.10      0.00     93.07
11:31:34        all      5.82      0.00      3.01      0.00      0.00     91.16
11:31:44        all      4.41      0.00      2.61      0.00      0.00     92.99
11:31:54        all      5.23      0.00      3.12      0.10      0.00     91.56
11:32:04        all      4.92      0.00      2.51      0.00      0.00     92.57
11:32:14        all      5.43      0.00      3.32      0.00      0.00     91.26
11:32:24        all      4.71      0.00      2.71      0.00      0.00     92.59
11:32:34        all      5.03      0.00      2.21      0.00      0.00     92.76
11:32:44        all      4.62      0.00      2.51      0.00      0.00     92.86
11:32:54        all      5.93      0.00      3.72      0.20      0.00     90.15
11:33:04        all      4.82      0.00      2.41      0.10      0.00     92.67
11:33:14        all      5.82      0.00      3.11      0.00      0.00     91.07
11:33:24        all      5.53      0.00      2.62      0.00      0.00     91.85
11:33:35        all      6.31      0.00      3.66      0.00      0.00     90.04
11:33:45        all      4.12      0.00      2.41      0.10      0.00     93.37
11:33:55        all      5.32      0.00      2.91      0.00      0.00     91.77
11:34:05        all      4.81      0.00      2.71      0.00      0.00     92.48
11:34:15        all      5.42      0.00      3.31      0.00      0.00     91.27
11:34:25        all      4.52      0.00      2.31      0.20      0.00     92.97
Average:        all     14.83      0.00      3.23      1.66      0.00     80.28
