vnsk@gke-cluster1-pool1-xxxxxxxx-nnsj ~ $ sar -f /mnt/stateful_partition/sysstat/sa30 -b 60
Linux 4.14.138+ (gke-cluster1-pool1-xxxxxxxx-nnsj) 	05/30/20 	_x86_64_	(1 CPU)

10:59:06          tps      rtps      wtps   bread/s   bwrtn/s
10:59:50         1.59      0.00      1.59      0.00     19.56
11:00:51        54.90     52.67      2.23   1986.14     28.51
11:01:51        53.66     51.58      2.08   1953.29     21.21
11:02:52        44.47     43.38      1.09   1705.15     15.06
11:03:52        42.90     40.75      2.15   1605.91     22.43
11:04:53        29.08     27.24      1.84   1064.02     21.73
11:05:53         8.96      7.26      1.70    284.54     22.09
11:06:54         8.17      6.61      1.55    272.93     14.94
11:07:54         3.53      1.52      2.02     55.99     26.53
11:08:54         2.73      0.93      1.80     35.73     20.53
11:09:54         2.15      0.03      2.12      1.07     22.80
11:10:54         5.57      3.83      1.73    162.11     19.60
11:11:54         1.00      0.00      1.00      0.00     14.40
11:12:54         1.60      0.00      1.60      0.00     18.13
11:13:54         2.78      0.00      2.78      0.00     29.86

Average:         4.26      1.40      2.86     74.08    229.92
