vnsk@gke-cluster1-pool1-xxxxxxxx-nnsj ~ $ sar -f /mnt/stateful_partition/sysstat/sa30 -q 10
Linux 4.14.138+ (gke-cluster1-pool1-xxxxxxxx-nnsj) 	05/30/20 	_x86_64_	(1 CPU)

08:48:06      runq-sz  plist-sz   ldavg-1   ldavg-5  ldavg-15   blocked
09:00:03            0       497      1.70      1.35      1.26         0
09:00:10            0       497      1.59      1.34      1.25         0
09:00:20            0       497      1.50      1.33      1.25         0
09:00:30            0       495      1.72      1.38      1.27         0
09:00:40            0       498      1.60      1.37      1.27         0
09:00:50            0       498      1.51      1.36      1.26         0
09:01:00            0       497      1.43      1.35      1.26         0
09:01:10            0       497      1.37      1.33      1.26         0
09:01:20            0       497      1.39      1.34      1.26         0
09:01:30            0       498      1.99      1.48      1.31         0
09:01:40            0       498      1.84      1.46      1.30         0
09:01:50            0       498      1.71      1.44      1.30         0
09:02:00            0       497      1.60      1.43      1.29         0
09:02:10            4       497      1.51      1.41      1.29         0
09:02:20            0       497      1.43      1.40      1.29         0
09:02:31            0       498      1.66      1.45      1.30         0
09:02:41            0       498      1.56      1.44      1.30         0
09:02:51            0       498      1.47      1.42      1.30         0
09:03:01            0       497      1.40      1.41      1.29         0
09:03:11            0       497      1.34      1.39      1.29         0
09:03:21            0       497      1.52      1.43      1.30         0
09:03:31            0       498      1.52      1.43      1.30         0
09:03:41            0       498      1.44      1.42      1.30         0
09:03:51            0       498      1.37      1.40      1.30         0
09:04:01            0       497      1.31      1.39      1.29         0
09:04:11            0       497      1.26      1.38      1.29         0
09:04:21            0       497      1.22      1.36      1.28         0
09:04:31            0       498      1.26      1.37      1.29         0
09:04:41            0       498      1.22      1.36      1.28         0
09:04:51            0       498      1.19      1.34      1.28         0
09:05:01            0       497      1.16      1.33      1.27         0
09:05:11            0       497      1.13      1.32      1.27         0
09:05:21            1       560      1.11      1.31      1.27         9
09:05:31            3       563      1.76      1.45      1.31         0
09:05:42            3       564      1.64      1.43      1.31         0
09:05:52           27       564      1.62      1.43      1.31         0
09:06:02           29       563      6.19      2.42      1.64         0
09:06:12           28       563      9.97      3.36      1.95         0
09:06:22           28       565     13.27      4.29      2.27         1
09:06:32           52       564     18.81      5.78      2.77         0
09:06:42           47       564     21.53      6.78      3.13         0
09:06:52           18       566     23.34      7.66      3.46         0
09:07:02           37       572     25.07      8.54      3.79         0
09:07:12           24       563     27.07      9.51      4.16         0
09:07:22           22       563     27.84     10.25      4.46         0

09:07:22      runq-sz  plist-sz   ldavg-1   ldavg-5  ldavg-15   blocked
09:07:32           34       564     29.57     11.20      4.83         0
09:07:42           50       566     30.11     11.92      5.13         0
09:07:52           26       565     30.68     12.65      5.44         0
09:08:02           21       565     29.94     13.07      5.65         0
09:08:12           33       564     31.22     13.91      6.01         0
09:08:22            0       564     33.04     14.87      6.40         0
09:08:32            0       565     28.11     14.41      6.34         0
09:08:42            0       564     23.94     13.97      6.29         0
09:08:52            0       564     20.41     13.54      6.23         0
09:09:02            0       563     17.43     13.13      6.17         0
09:09:12            0       563     14.90     12.73      6.12         0
09:09:22            0       563     12.76     12.34      6.06         0
09:09:32            0       564     10.96     11.97      6.01         0
09:09:42            0       564      9.42     11.61      5.95         0
09:09:52            0       563      8.13     11.26      5.90         0
09:10:02            0       562      7.03     10.92      5.85         0
09:10:12            0       562      6.10     10.59      5.79         0
09:10:22            0       562      5.32     10.27      5.74         0
09:10:32            0       563      4.65      9.97      5.69         0
09:10:42            0       563      4.09      9.67      5.64         0
09:10:52            0       563      3.62      9.39      5.59         0
09:11:02            0       562      3.21      9.11      5.54         0
09:11:13            0       562      2.87      8.84      5.49         0
09:11:23            0       561      2.58      8.58      5.44         0
09:11:33            1       562      2.34      8.33      5.39         0
09:11:43            0       562      2.13      8.09      5.35         0
09:11:53            0       562      1.96      7.86      5.30         0
09:12:03            0       561      1.81      7.63      5.25         0
09:12:13            0       561      1.69      7.41      5.21         0
09:12:23            0       561      1.58      7.20      5.16         0
09:12:33            0       562      1.49      7.00      5.12         0
09:12:43            0       562      1.41      6.80      5.07         0
09:12:53            2       562      1.35      6.61      5.03         0
09:13:03            0       561      1.30      6.42      4.98         0
09:13:13            0       571      1.33      6.26      4.95         0
09:13:23            0       561      1.28      6.09      4.90         0
09:13:33            6       562      1.24      5.92      4.86         0
09:13:43            1       562      1.20      5.76      4.82         0
09:13:53            0       562      1.17      5.60      4.78         0
09:14:04            0       561      1.14      5.45      4.74         0
09:14:14            0       561      1.12      5.30      4.70         0
09:14:24            0       561      1.10      5.16      4.66         0
09:14:34            0       455      1.08      5.02      4.62         0
09:14:44            0       455      1.07      4.89      4.58         0
09:14:54            0       455      1.06      4.76      4.54         0

09:14:54      runq-sz  plist-sz   ldavg-1   ldavg-5  ldavg-15   blocked
09:15:04            0       430      1.05      4.63      4.50         0
09:15:14            0       430      1.04      4.51      4.46         0
09:15:24            0       430      1.04      4.40      4.42         0
09:15:34            0       431      1.03      4.29      4.39         0
09:15:44            0       431      1.02      4.18      4.35         0
09:15:54            0       431      1.02      4.07      4.31         0
09:16:04            0       430      1.02      3.97      4.28         0
09:16:14            0       430      1.09      3.89      4.25         0
09:16:24            0       430      1.07      3.79      4.21         0
09:16:34            0       431      1.06      3.70      4.18         0
09:16:44            0       431      1.05      3.61      4.14         0
09:16:54            0       431      1.12      3.54      4.11         0
09:17:05            5       494      1.39      3.48      4.08         0
09:17:15            0       494      1.33      3.40      4.05         0
09:17:25            0       494      1.28      3.32      4.02         0
09:17:35            0       495      1.24      3.24      3.98         0
09:17:45            0       495      1.20      3.17      3.95         0
09:17:55            0       495      1.17      3.10      3.92         0
09:18:05            0       494      1.14      3.03      3.89         0
09:18:15            0       499      1.12      2.96      3.86         0
09:18:25            0       494      1.10      2.90      3.83         0
09:18:35            0       497      1.08      2.83      3.80         0
09:18:45            0       497      1.07      2.77      3.77         0
09:18:55            0       497      1.06      2.71      3.73         0
09:19:05            0       496      1.05      2.66      3.70         0
09:19:15            0       497      1.04      2.60      3.68         0
09:19:25            0       497      1.04      2.55      3.65         0
09:19:35            0       498      1.03      2.50      3.62         0
09:19:46            0       498      1.02      2.45      3.59         0
09:19:56            0       498      1.02      2.40      3.56         0
09:20:06            0       494      1.02      2.35      3.53         0
09:20:16            0       494      1.01      2.31      3.51         0
09:20:26            0       496      1.01      2.26      3.48         0
09:20:36            0       498      1.09      2.24      3.46         0
09:20:46            0       498      1.16      2.21      3.43         0
09:20:56            0       498      1.13      2.17      3.41         0
09:21:06            0       497      1.11      2.13      3.38         0
09:21:16            0       497      1.09      2.10      3.36         0
09:21:26            0       497      1.08      2.06      3.33         0
09:21:36            0       499      1.07      2.02      3.30         0
09:21:46            0       499      1.28      2.04      3.30         0
09:21:56            0       499      1.38      2.04      3.28         0
09:22:06            0       498      1.54      2.05      3.27         0
09:22:16            4       498      1.46      2.02      3.25         0
09:22:26            0       498      1.39      1.98      3.22         0

09:22:26      runq-sz  plist-sz   ldavg-1   ldavg-5  ldavg-15   blocked
09:22:36            0       499      1.33      1.95      3.20         0
09:22:47            0       499      1.28      1.92      3.17         0
09:22:57            0       499      1.23      1.89      3.15         0
09:23:07            0       498      1.20      1.86      3.13         0
09:23:17            0       498      1.17      1.83      3.10         0
09:23:27            0       498      1.14      1.80      3.08         0
09:23:37            0       498      1.12      1.77      3.06         0
09:23:47            0       498      1.10      1.75      3.04         0
09:23:57            0       498      1.08      1.72      3.01         0
09:24:07            0       497      1.07      1.70      2.99         0
09:24:17            0       497      1.06      1.68      2.97         0
09:24:27            0       497      1.05      1.65      2.95         0
09:24:37            0       498      1.04      1.63      2.93         0
09:24:47            0       498      1.11      1.63      2.91         0
09:24:57            3       498      1.09      1.61      2.89         0
09:25:07            0       497      1.08      1.59      2.87         0
09:25:17            0       496      1.07      1.57      2.85         0
09:25:27            0       495      1.06      1.55      2.83         0
09:25:38            0       496      1.05      1.53      2.81         0
09:25:48            3       496      1.04      1.51      2.79         0
09:25:58            0       496      1.03      1.49      2.77         0
09:26:08            0       496      1.03      1.48      2.75         0
09:26:18            0       496      1.02      1.46      2.73         0
09:26:28            0       496      1.02      1.44      2.71         0
09:26:38            0       497      1.02      1.43      2.69         0
09:26:48            0       497      1.01      1.41      2.67         0
09:26:58            0       497      1.01      1.40      2.66         0
09:27:08            0       496      1.01      1.39      2.64         0
09:27:18            0       496      1.01      1.37      2.62         0
09:27:28            0       496      1.00      1.36      2.60         0
09:27:38            0       498      1.00      1.35      2.58         0
09:27:49            0       498      1.00      1.34      2.57         0
09:27:59            0       498      1.00      1.33      2.55         0
09:28:09            0       497      1.00      1.31      2.53         0
09:28:19            0       497      1.00      1.30      2.51         0
09:28:29            0       497      1.00      1.29      2.50         0
09:28:39            1       499      1.00      1.28      2.48         0
09:28:49            0       498      1.00      1.27      2.46         0
09:28:59            0       499      1.00      1.26      2.45         0
09:29:09            0       498      1.00      1.25      2.43         0
09:29:19            0       498      1.00      1.25      2.42         0
09:29:29            0       498      1.16      1.27      2.41         0
09:29:39            0       499      1.13      1.26      2.40         0
09:29:49            0       499      1.11      1.25      2.38         0
09:29:59            2       499      1.10      1.24      2.37         0

09:29:59      runq-sz  plist-sz   ldavg-1   ldavg-5  ldavg-15   blocked
09:30:09            3       498      1.08      1.23      2.35         0
09:30:19            2       499      1.07      1.23      2.34         0
09:30:29            2       498      1.06      1.22      2.32         0
09:30:39            2       500      1.05      1.21      2.31         0
09:30:40            0       500      1.04      1.21      2.30         0
09:30:50            0       500      1.20      1.23      2.30         0
09:31:00            0       498      1.17      1.23      2.28         0
09:31:10            0       498      1.14      1.22      2.27         0
09:31:20            0       498      1.28      1.24      2.26         0
09:31:30            0       499      1.24      1.23      2.25         0
09:31:40            0       498      1.27      1.24      2.24         0
09:31:50            0       498      1.23      1.23      2.23         0
09:32:00            0       497      1.19      1.23      2.21         0
09:32:10            0       497      1.16      1.22      2.20         0
09:32:20            0       497      1.14      1.21      2.19         0
09:32:30            0       498      1.12      1.20      2.17         0
09:32:40            0       498      1.10      1.20      2.16         0
09:32:50            0       498      1.08      1.19      2.15         0
09:33:00            0       497      1.07      1.18      2.14         0
09:33:10            0       511      1.21      1.21      2.13         1
09:33:21            0       511      1.18      1.20      2.12         0
09:33:31            0       512      1.23      1.21      2.11         0
09:33:40            0       512      1.20      1.20      2.10         0
09:33:50            0       512      1.17      1.20      2.09         1
09:34:01            1       511      1.14      1.19      2.08         0
09:34:11            3       511      1.12      1.18      2.07         0
09:34:21            1       511      1.10      1.18      2.05         0
09:34:31            0       512      1.08      1.17      2.04         0
09:34:41            2       512      1.07      1.17      2.03         0
09:34:51            1       512      1.06      1.16      2.02         0
09:35:01            3       511      1.05      1.15      2.01         0
09:35:11            0       511      1.04      1.15      2.00         0
09:35:21            0       511      1.03      1.14      1.98         0
09:35:31            0       512      1.11      1.15      1.98         0
09:35:41            0       512      1.09      1.15      1.97         0
09:35:51            0       512      1.08      1.14      1.96         0
09:36:01            1       511      1.39      1.21      1.97         0
09:36:11            0       511      1.33      1.20      1.96         0
09:36:22           13       511      1.28      1.19      1.95         0
09:36:32            2       512      1.39      1.22      1.95         0
09:36:42           17       512      1.41      1.23      1.94         0
09:36:52            0       512      1.51      1.25      1.94         0
09:37:02           11       511      1.43      1.25      1.93         0
09:37:12            5       511      1.44      1.25      1.93         0
09:37:22            0       512      1.37      1.25      1.92         0

09:37:22      runq-sz  plist-sz   ldavg-1   ldavg-5  ldavg-15   blocked
09:37:32            1       514      1.39      1.25      1.91         0
09:37:42            0       514      1.41      1.26      1.91         0
09:37:52            3       514      1.43      1.27      1.90         0
09:38:03            0       513      1.44      1.28      1.90         0
09:38:13            9       524      1.45      1.28      1.90         0
09:38:23            0       513      1.45      1.29      1.89         0
09:38:33            0       514      1.38      1.28      1.88         0
09:38:43            0       514      1.32      1.27      1.87         0
09:38:53            0       514      1.35      1.28      1.87         0
09:39:03           38       551      2.98      1.62      1.97         0
09:39:13           20       535      6.42      2.40      2.23         0
09:39:23           22       542      8.68      3.02      2.43         0
09:39:33           22       536     10.12      3.51      2.59         0
09:39:43           35       546     11.96      4.12      2.80         0
09:39:53           27       536     13.12      4.63      2.98         0
09:40:03           22       535     15.17      5.35      3.24         0
09:40:13           31       540     15.92      5.83      3.42         0
09:40:23           20       542     17.42      6.48      3.65         0
09:40:33           27       546     17.92      6.94      3.83         0
09:40:43           33       537     19.69      7.69      4.11         0
09:40:53           27       536     20.17      8.18      4.31         0
09:41:03           30       550     20.31      8.60      4.49         0
09:41:13           27       535     20.01      8.91      4.63         0
09:41:23           29       535     19.97      9.28      4.80         0
09:41:33           26       536     20.74      9.79      5.01         0
09:41:43           25       537     21.67     10.36      5.25         0
09:41:53           20       536     22.17     10.84      5.46         0
09:42:03           52       936     32.31     13.32      6.32         0
09:42:13          338       935     48.73     17.51      7.76         0
09:42:23           75       933     78.09     24.87     10.27         0
09:42:33          329       932     97.07     30.76     12.34         0
09:42:43          165       932    106.07     34.79     13.85         0
09:42:53          360       931    123.30     40.83     16.04         0
09:43:03          330       933    139.53     46.86     18.26         0
09:43:13          240       940    149.04     52.13     20.29         0
09:43:23          105       935    180.84     62.11     23.88         0
09:43:33          393       931    195.40     69.02     26.53         0
09:43:43           89       935    176.91     69.22     27.05         0
09:43:53           45       936    190.59     75.61     29.57         0
09:44:03           47       932    220.40     85.78     33.38         0
09:44:13          303       930    217.14     89.35     35.09         0
09:44:23          196       934    218.05     93.58     37.04         0
09:44:33          130       932    202.60     94.46     37.94         0
09:44:43          285       935    195.29     96.38     39.16         0
09:44:53           64       939    194.26     99.32     40.73         0

09:44:53      runq-sz  plist-sz   ldavg-1   ldavg-5  ldavg-15   blocked
09:45:03          173       934    215.13    106.97     43.85         0
09:45:13           25       933    210.20    109.48     45.34         0
09:45:23            0       922    179.66    106.27     44.98         0
09:45:33            0       923    152.19    102.80     44.51         0
09:45:43            0       923    128.94     99.45     44.05         0
09:45:53            1       923    109.27     96.21     43.58         0
09:46:03            0       922     92.70     93.09     43.13         0
09:46:13            0       922     78.60     90.06     42.68         0
09:46:23            0       922     66.67     87.12     42.23         0
09:46:33            0       923     56.57     84.29     41.79         0
09:46:43            0       923     48.03     81.55     41.35         0
09:46:54            0       923     40.80     78.89     40.92         0
09:47:04            0       922     34.68     76.33     40.49         0
09:47:14            1       511     29.50     73.85     40.07         0
09:47:24            1       530     25.28     71.48     39.66         1
09:47:34            0       524     22.31     69.32     39.30         2
09:47:44            4       552     19.71     67.22     38.94         0
09:47:54            0       555     17.29     65.14     38.56         0
09:48:04            0       554     14.86     63.04     38.16         0
09:48:14            0       559     12.95     61.05     37.78         0
09:48:24            0       554     11.41     59.14     37.41         0
09:48:34            6       568     10.10     57.29     37.04         0
09:48:44            0       569      9.29     55.56     36.70         0
09:48:54            1       570      8.09     53.78     36.32         0
09:49:04            0       567      7.08     52.06     35.95         0
09:49:14            0       567      6.14     50.38     35.57         0
09:49:24            0       567      5.43     48.77     35.20         0
09:49:34            0       568      4.75     47.19     34.84         0
09:49:44            0       568      4.17     45.67     34.47         0
09:49:54            0       568      3.68     44.20     34.11         0
09:50:05            0       567      3.09     42.09     33.58         0
09:50:15            0       567      2.77     40.73     33.23         0
09:50:25            0       567      2.49     39.42     32.89         0
09:50:35            0       566      2.26     38.16     32.55         0
09:50:45            0       566      2.07     36.93     32.21         0
09:50:55            0       566      1.90     35.75     31.87         0
09:51:05            0       565      1.76     34.61     31.54         0
09:51:15            0       565      1.73     33.52     31.22         0
09:51:25            0       565      1.61     32.44     30.89         0
09:51:35            0       566      1.52     31.41     30.57         0
09:51:45            0       566      1.52     30.42     30.26         0
09:51:55            0       566      1.44     29.45     29.95         0
09:52:05            0       565      1.37     28.52     29.64         0
09:52:15            0       511      1.39     27.63     29.33         0
09:52:25            0       511      1.33     26.75     29.03         0

09:52:25      runq-sz  plist-sz   ldavg-1   ldavg-5  ldavg-15   blocked
09:52:36            0       512      1.28     25.90     28.73         0
09:52:46            0       487      1.23     25.08     28.43         0
09:52:56            1       550      1.20     24.29     28.14         1
09:53:06            0       549      1.17     23.52     27.85         0
09:53:16            0       549      1.14     22.78     27.56         0
09:53:26            0       549      1.12     22.06     27.27         0
09:53:36            0       550      1.10     21.37     26.99         0
09:53:46            0       550      1.08     20.70     26.71         0
09:53:56            0       550      1.07     20.05     26.44         0
09:54:06            0       549      1.06     19.42     26.16         0
09:54:16            0       549      1.05     18.81     25.89         0
09:54:26            0       550      1.12     18.24     25.63         0
09:54:36            0       552      1.10     17.67     25.37         0
09:54:46            0       553      1.09     17.12     25.11         0
09:54:47            0       553      1.09     17.12     25.11         0
09:54:57            0       553      1.07     16.59     24.85         0
09:55:07            0       552      1.06     16.08     24.59         0
09:55:17            3       552      1.05     15.58     24.34         0
09:55:27            0       551      1.04     15.10     24.09         0
09:55:37            0       551      1.04     14.64     23.84         0
09:55:47            0       551      1.03     14.19     23.59         0
09:55:57            0       551      1.02     13.75     23.35         0
09:56:07            0       550      1.02     13.33     23.11         0
09:56:17            0       550      1.02     12.92     22.87         0
09:56:27            0       550      1.01     12.53     22.64         0
09:56:37            0       551      1.01     12.15     22.41         0
09:56:47            0       551      1.01     11.78     22.18         0
09:56:57            0       552      1.23     11.48     21.97         0
09:57:07            0       552      1.19     11.13     21.74         0
09:57:17            1       553      1.24     10.81     21.52         0
09:57:28            0       552      1.20     10.49     21.30         0
09:57:38            0       553      1.17     10.18     21.09         0
09:57:48            0       553      1.14      9.87     20.87         0
09:57:58            0       553      1.12      9.58     20.66         0
09:58:08            0       551      1.10      9.30     20.45         0
09:58:18            0       549      1.08      9.02     20.24         0
09:58:28            0       549      1.07      8.76     20.03         0
09:58:38            0       550      1.06      8.50     19.83         0
09:58:48            0       551      1.05      8.26     19.62         0
09:58:58            0       551      1.20      8.05     19.43         0
09:59:08            0       551      1.17      7.82     19.24         0
09:59:18            0       551      1.14      7.59     19.04         0
09:59:28            0       552      1.12      7.38     18.85         0
09:59:38            0       553      1.10      7.16     18.66         0
09:59:48            0       553      1.08      6.96     18.47         0

09:59:48      runq-sz  plist-sz   ldavg-1   ldavg-5  ldavg-15   blocked
09:59:59            0       552      1.07      6.76     18.28         0
10:00:09            0       550      1.06      6.57     18.09         0
10:00:19            0       550      1.05      6.39     17.91         0
10:00:29            0       552      1.04      6.21     17.73         0
10:00:39            0       551      1.04      6.04     17.55         0
10:00:49            0       551      1.03      5.87     17.37         0
10:00:59            0       551      1.02      5.71     17.19         0
10:01:09            0       550      1.02      5.56     17.02         0
10:01:19            0       550      1.02      5.41     16.85         0
10:01:29            0       550      1.01      5.26     16.68         0
10:01:39            0       551      1.01      5.12     16.51         0
10:01:49            0       552      1.01      4.98     16.34         0
10:01:59            0       553      1.01      4.85     16.18         0
10:02:09            0       552      1.01      4.73     16.01         0
10:02:20            0       551      1.08      4.62     15.86         0
10:02:30            0       552      1.07      4.50     15.70         0
10:02:40            0       553      1.06      4.38     15.54         0
10:02:50            0       553      1.05      4.27     15.38         0
10:03:00            0       552      1.04      4.16     15.23         0
10:03:10            0       550      1.04      4.06     15.08         0
10:03:20            0       551      1.03      3.96     14.92         0
10:03:30            0       552      1.02      3.86     14.77         0
10:03:40            0       551      1.02      3.77     14.63         0
10:03:50            0       551      1.02      3.67     14.48         0
10:04:00            0       550      1.01      3.58     14.34         0
10:04:10            0       547      1.08      3.52     14.20         0
10:04:20            0       546      1.07      3.43     14.06         0
10:04:30            0       547      1.06      3.35     13.92         0
10:04:40            0       547      1.05      3.27     13.78         0
10:04:51            0       547      1.04      3.16     13.57         0
10:05:01            0       546      1.03      3.09     13.44         0
10:05:11            3       546      1.03      3.02     13.30         0
10:05:21            0       546      1.02      2.95     13.17         0
10:05:31            0       547      1.02      2.89     13.04         0
10:05:41            0       547      1.09      2.84     12.91         0
10:05:51            0       547      1.08      2.78     12.79         0
10:06:01            2       547      1.06      2.72     12.66         0
10:06:11            0       548      1.05      2.67     12.53         0
10:06:21            0       548      1.04      2.61     12.41         0
10:06:31            2       549      1.19      2.59     12.30         1
10:06:41            0       549      1.39      2.59     12.19         1
10:06:51            0       552      1.56      2.58     12.09         1
10:07:01            0       549      1.71      2.58     11.99         1
10:07:12            1       549      1.91      2.60     11.89         1
10:07:22            2       549      2.15      2.63     11.80         0

10:07:22      runq-sz  plist-sz   ldavg-1   ldavg-5  ldavg-15   blocked
10:07:32            0       551      2.13      2.60     11.69         1
10:07:42            1       552      2.11      2.58     11.59         1
10:07:52            0       552      2.01      2.55     11.48         0
10:08:02            1       551      1.94      2.51     11.37         0
10:08:12            0       551      1.79      2.46     11.26         0
10:08:22            1       551      1.67      2.41     11.15         0
10:08:32            0       552      1.57      2.37     11.04         0
10:08:42            1       552      1.48      2.32     10.93         0
10:08:52            0       552      1.40      2.28     10.83         0
10:09:02            0       551      1.34      2.24     10.72         0
10:09:12            0       551      1.29      2.19     10.62         0
10:09:23            0       551      1.24      2.15     10.51         0
10:09:33            0       552      1.21      2.12     10.41         0
10:09:43            0       552      1.33      2.11     10.32         0
10:09:53            0       551      1.28      2.08     10.22         0
10:10:03            0       550      1.24      2.04     10.12         0
10:10:13            0       550      1.20      2.00     10.02         0
10:10:23            0       549      1.17      1.97      9.92         0
10:10:33            0       550      1.14      1.94      9.83         0
10:10:43            0       550      1.12      1.91      9.73         0
10:10:53            0       550      1.10      1.88      9.64         0
10:11:03            0       549      1.09      1.85      9.55         0
10:11:13            0       549      1.07      1.82      9.45         0
10:11:23            0       550      1.13      1.81      9.37         0
10:11:33            0       551      1.11      1.78      9.28         0
10:11:43            0       508      1.10      1.76      9.19         0
10:11:53            0       507      1.08      1.73      9.10         0
10:12:03            0       506      1.07      1.71      9.01         0
10:12:14            0       484      1.06      1.68      8.93         0
10:12:24            0       484      1.05      1.66      8.84         0
10:12:34            1       545      1.04      1.64      8.76         1
10:12:44            0       549      1.11      1.63      8.68         0
10:12:54            0       550      1.16      1.63      8.60         0
10:13:04            0       548      1.14      1.61      8.52         0
10:13:14            0       554      1.12      1.59      8.44         0
10:13:24            0       547      1.18      1.58      8.36         0
10:13:34            0       548      1.23      1.58      8.29         0
10:13:44            0       549      1.20      1.56      8.21         0
10:13:54            0       549      1.16      1.54      8.13         0
10:14:04            0       551      1.14      1.52      8.06         0
10:14:14            0       550      1.12      1.51      7.98         0
10:14:24            0       552      1.10      1.49      7.90         0
10:14:35            0       553      1.16      1.49      7.84         0
10:14:45            0       553      1.14      1.47      7.76         0
10:14:55            0       552      1.12      1.46      7.69         0

10:14:55      runq-sz  plist-sz   ldavg-1   ldavg-5  ldavg-15   blocked
10:15:05            0       552      1.10      1.44      7.62         0
10:15:15            2       552      1.08      1.43      7.55         0
10:15:25            0       552      1.07      1.41      7.47         0
10:15:35            0       553      1.06      1.40      7.41         0
10:15:45            0       553      1.05      1.38      7.34         0
10:15:55            0       553      1.04      1.37      7.27         0
10:16:05            0       552      1.03      1.36      7.20         0
10:16:15            0       552      1.11      1.36      7.14         0
10:16:25            0       552      1.09      1.35      7.07         0
10:16:35            0       553      1.08      1.34      7.01         0
10:16:45            0       553      1.06      1.33      6.94         0
10:16:55            0       553      1.05      1.32      6.88         0
10:17:05            0       552      1.05      1.31      6.81         0
10:17:16            0       552      1.42      1.37      6.75         0
10:17:26            0       555      1.36      1.36      6.68         0
10:17:36            0       554      1.30      1.35      6.62         0
10:17:46            0       554      1.26      1.34      6.56         0
10:17:56            0       554      1.22      1.32      6.50         0
10:18:06            0       553      1.26      1.33      6.45         0
10:18:16            0       553      1.22      1.32      6.39         0
10:18:26            0       553      1.18      1.31      6.33         0
10:18:36            0       554      1.15      1.30      6.27         0
10:18:46            4       554      1.13      1.29      6.22         0
10:18:56            0       556      1.11      1.28      6.16         0
10:19:06            5       554      1.73      1.40      6.15         0
10:19:16            0       502      2.28      1.53      6.14         0
10:19:26            0       502      2.08      1.52      6.09         0
10:19:36            0       504      1.91      1.50      6.03         0
10:19:47            0       503      1.77      1.48      5.98         0
10:19:57            0       503      1.65      1.47      5.92         0
10:20:07            0       502      1.55      1.45      5.87         0
10:20:17            0       503      1.47      1.43      5.82         0
10:20:27            4       502      1.40      1.42      5.77         0
10:20:37            0       503      1.33      1.40      5.71         0
10:20:47            0       503      1.44      1.42      5.67         0
10:20:57            0       504      1.38      1.41      5.62         0
10:21:07            0       504      1.32      1.40      5.57         0
10:21:17            0       502      1.27      1.38      5.52         0
10:21:27            0       503      1.23      1.37      5.47         0
10:21:37            0       503      1.19      1.36      5.43         0
10:21:47            0       503      1.16      1.34      5.38         0
10:21:57            0       503      1.14      1.33      5.33         0
10:22:07            0       503      1.11      1.32      5.28         0
10:22:17            0       502      1.10      1.31      5.24         0
10:22:27            0       502      1.08      1.30      5.19         0

10:22:27      runq-sz  plist-sz   ldavg-1   ldavg-5  ldavg-15   blocked
10:22:37            2       503      1.07      1.29      5.15         0
10:22:48            0       504      1.06      1.28      5.10         0
10:22:58            0       503      1.05      1.27      5.06         0
10:23:08            0       502      1.04      1.26      5.01         0
10:23:18            0       503      1.03      1.25      4.97         0
10:23:28            0       502      1.03      1.24      4.93         0
10:23:38            0       503      1.02      1.23      4.88         0
10:23:48            0       503      1.02      1.23      4.84         0
10:23:58            0       504      1.02      1.22      4.80         0
10:24:08            0       502      1.17      1.24      4.77         0
10:24:18            0       502      1.15      1.24      4.73         0
10:24:28            0       501      1.12      1.23      4.69         0
10:24:38            0       501      1.10      1.22      4.65         0
10:24:48            0       501      1.09      1.21      4.61         0
10:24:58            0       501      1.31      1.25      4.59         0
10:25:08            0       501      1.27      1.25      4.55         0
10:25:18            0       500      1.22      1.24      4.51         0
10:25:28            0       500      1.19      1.23      4.47         0
10:25:38            0       501      1.16      1.22      4.43         0
10:25:49            0       502      1.13      1.21      4.39         0
10:25:59            0       501      1.11      1.20      4.36         0
10:26:09            0       500      1.10      1.20      4.32         0
10:26:19            0       501      1.08      1.19      4.29         0
10:26:29            1       501      1.07      1.18      4.25         0
10:26:39            0       501      1.06      1.18      4.21         0
10:26:49            0       501      1.05      1.17      4.18         0
10:26:59            0       501      1.04      1.16      4.15         0
10:27:09            0       500      1.03      1.16      4.11         0
10:27:19            0       500      1.03      1.15      4.08         0
10:27:29            1       501      1.02      1.15      4.04         0
10:27:39            0       501      1.02      1.14      4.01         0
10:27:49            0       500      1.02      1.14      3.98         0
10:27:59            0       500      1.01      1.13      3.95         0
10:28:09            0       499      1.01      1.13      3.91         0
10:28:19            0       498      1.01      1.12      3.88         0
10:28:29            0       499      1.01      1.12      3.85         0
10:28:39            0       499      1.00      1.11      3.82         0
10:28:49            0       499      1.00      1.11      3.79         0
10:29:00            0       497      1.00      1.11      3.76         0
10:29:10            0       497      1.00      1.10      3.73         0
10:29:20            0       497      1.00      1.10      3.70         0
10:29:30            0       498      1.00      1.09      3.67         0
10:29:40            0       498      1.00      1.09      3.64         0
10:29:50            0       498      1.00      1.09      3.61         0
10:30:00            0       497      1.00      1.08      3.58         0

10:30:00      runq-sz  plist-sz   ldavg-1   ldavg-5  ldavg-15   blocked
10:30:10            0       497      1.00      1.08      3.55         0
10:30:20            0       497      1.00      1.08      3.53         0
10:30:30            0       498      1.00      1.07      3.50         0
10:30:40            0       498      1.07      1.09      3.48         0
10:30:50            0       498      1.06      1.08      3.45         0
10:31:00            9       497      1.05      1.08      3.42         0
10:31:10            0       497      1.20      1.11      3.41         0
10:31:20            0       497      1.17      1.11      3.38         0
10:31:30            0       498      1.14      1.10      3.35         0
10:31:40            0       498      1.36      1.15      3.35         0
10:31:50            0       498      1.31      1.15      3.32         0
10:32:00            0       497      1.26      1.14      3.30         0
10:32:01            0       497      1.24      1.14      3.28         0
10:32:11            0       497      1.20      1.13      3.26         0
10:32:21            1       497      1.17      1.13      3.23         0
10:32:31            0       498      1.14      1.12      3.21         0
10:32:41            0       498      1.12      1.12      3.18         0
10:32:51            0       498      1.10      1.11      3.16         0
10:33:01            0       497      1.09      1.11      3.14         0
10:33:11            0       497      1.07      1.11      3.11         0
10:33:21            0       497      1.06      1.10      3.09         0
10:33:31            0       498      1.05      1.10      3.07         0
10:33:41            0       498      1.04      1.09      3.05         0
10:33:51            0       498      1.04      1.09      3.02         0
10:34:01            0       497      1.03      1.09      3.00         0
10:34:11            0       497      1.02      1.08      2.98         0
10:34:21            0       497      1.02      1.08      2.96         0
10:34:31            4       498      1.02      1.08      2.94         0
10:34:41            0       498      1.01      1.08      2.91         0
10:34:51            0       498      1.01      1.07      2.89         0
10:35:01            0       496      1.01      1.07      2.87         0
10:35:12            0       496      1.25      1.12      2.87         0
10:35:22            0       496      1.21      1.11      2.85         0
10:35:32            0       497      1.18      1.11      2.83         0
10:35:42            0       497      1.15      1.10      2.81         0
10:35:52            0       497      1.13      1.10      2.79         0
10:36:02            0       496      1.11      1.10      2.77         0
10:36:12            0       496      1.09      1.09      2.75         0
10:36:22            0       496      1.08      1.09      2.73         0
10:36:32            0       497      1.06      1.09      2.71         0
10:36:42            0       499      1.05      1.08      2.69         0
10:36:52            1       497      1.04      1.08      2.67         0
10:37:02            1       496      1.04      1.08      2.65         0
10:37:12            1       496      1.03      1.07      2.64         0
10:37:22            0       496      1.03      1.07      2.62         0

10:37:22      runq-sz  plist-sz   ldavg-1   ldavg-5  ldavg-15   blocked
10:37:32            0       497      1.02      1.07      2.60         0
10:37:42            0       497      1.02      1.07      2.58         0
10:37:52            0       497      1.01      1.06      2.57         0
10:38:02            0       496      1.01      1.06      2.55         0
10:38:13            0       506      1.01      1.06      2.53         0
10:38:23            0       496      1.01      1.06      2.51         0
10:38:33            2       497      1.01      1.05      2.50         0
10:38:43            0       498      1.00      1.05      2.48         0
10:38:53            0       498      1.00      1.05      2.46         0
10:39:03            0       497      1.00      1.05      2.45         0
10:39:13            1       497      1.00      1.05      2.43         0
10:39:23            0       497      1.00      1.04      2.42         0
10:39:33            0       498      1.00      1.04      2.40         0
10:39:43            0       498      1.00      1.04      2.39         0
10:39:53            0       498      1.00      1.04      2.37         0
10:40:03            1       497      1.00      1.04      2.35         0
10:40:13            0       497      1.00      1.03      2.34         0
10:40:23            0       497      1.00      1.03      2.33         0
10:40:33            0       498      1.00      1.03      2.31         0
10:40:43            0       498      1.00      1.03      2.30         0
10:40:53            0       498      1.00      1.03      2.28         0
10:41:03            0       497      1.00      1.03      2.27         0
10:41:13            0       497      1.00      1.03      2.25         0
10:41:24            0       497      1.07      1.04      2.25         0
10:41:34            0       498      1.06      1.04      2.23         0
10:41:44            0       498      1.05      1.04      2.22         0
10:41:54            0       498      1.04      1.04      2.20         0
10:42:04            0       497      1.04      1.03      2.19         0
10:42:14            0       497      1.03      1.03      2.18         0
10:42:24            0       497      1.02      1.03      2.16         0
10:42:34            3       498      1.02      1.03      2.15         0
10:42:44            0       498      1.02      1.03      2.14         0
10:42:54            0       498      1.01      1.03      2.13         0
10:43:04            0       497      1.01      1.03      2.11         0
10:43:14            0       502      1.01      1.02      2.10         0
10:43:24            0       497      1.01      1.02      2.09         0
10:43:34            0       498      1.01      1.02      2.08         0
10:43:44            1       498      1.00      1.02      2.06         0
10:43:54            0       498      1.00      1.02      2.05         0
10:44:04            0       496      1.00      1.02      2.04         0
10:44:14            0       496      1.32      1.09      2.05         0
10:44:24            0       496      1.27      1.08      2.04         0
10:44:35            0       497      1.23      1.08      2.03         0
10:44:45            1       497      1.19      1.08      2.02         0
10:44:55            0       497      1.40      1.12      2.02         0

10:44:55      runq-sz  plist-sz   ldavg-1   ldavg-5  ldavg-15   blocked
10:45:05            0       496      1.34      1.12      2.01         0
10:45:15            0       496      1.29      1.11      2.00         0
10:45:25            0       496      1.24      1.11      1.99         0
10:45:35            0       497      1.21      1.11      1.98         0
10:45:45            0       497      1.17      1.10      1.97         0
10:45:55            0       497      1.15      1.10      1.95         0
10:46:05            0       496      1.12      1.10      1.94         0
10:46:15            0       496      1.10      1.09      1.93         0
10:46:25            0       496      1.09      1.09      1.92         0
10:46:35            1       497      1.07      1.08      1.91         0
10:46:45            0       497      1.06      1.08      1.90         0
10:46:55            0       497      1.05      1.08      1.89         0
10:47:05            0       496      1.12      1.09      1.89         0
10:47:15            0       496      1.10      1.09      1.88         0
10:47:25            0       496      1.09      1.09      1.87         0
10:47:36            0       497      1.14      1.10      1.86         0
10:47:46            0       497      1.12      1.09      1.85         0
10:47:56            0       497      1.18      1.11      1.85         0
10:48:06            0       496      1.15      1.10      1.84         0
10:48:16            0       496      1.13      1.10      1.83         0
10:48:26            0       496      1.11      1.10      1.82         0
10:48:36            0       497      1.09      1.09      1.81         0
10:48:46            0       497      1.08      1.09      1.80         0
10:48:56            0       497      1.06      1.08      1.79         0
10:49:07            0       496      1.05      1.08      1.78         0
10:49:17            0       496      1.05      1.08      1.77         0
10:49:27            0       496      1.04      1.08      1.76         0
10:49:37            0       497      1.03      1.07      1.75         0
10:49:47            0       497      1.03      1.07      1.75         0
10:49:57            0       497      1.02      1.07      1.74         0
10:50:07            0       496      1.02      1.06      1.73         0
10:50:17            0       496      1.02      1.06      1.72         0
10:50:27            0       496      1.01      1.06      1.71         0
10:50:37            0       499      1.01      1.06      1.70         0
10:50:48            0       499      1.01      1.05      1.70         0
10:50:58            0       499      1.01      1.05      1.69         0
10:51:08            0       498      1.00      1.05      1.68         0
10:51:18            0       498      1.00      1.05      1.67         0
10:51:28            0       498      1.00      1.05      1.67         0
10:51:38            1       499      1.00      1.04      1.66         0
10:51:48            0       499      1.00      1.04      1.65         0
10:51:58            0       499      1.00      1.04      1.64         0
10:52:08            0       498      1.00      1.04      1.63         0
10:52:18            0       498      1.00      1.04      1.63         0
10:52:28            0       498      1.00      1.03      1.62         0

10:52:28      runq-sz  plist-sz   ldavg-1   ldavg-5  ldavg-15   blocked
10:52:38            0       499      1.16      1.07      1.62         0
10:52:48            0       499      1.13      1.06      1.62         0
10:52:58            0       499      1.19      1.08      1.62         0
10:53:08            0       498      1.16      1.07      1.61         0
10:53:18            0       498      1.22      1.09      1.61         0
10:53:28            0       498      1.18      1.09      1.60         0
10:53:38            0       499      1.16      1.08      1.60         0
10:53:49            0       499      1.13      1.08      1.59         0
10:53:59            0       499      1.11      1.08      1.58         0
10:54:09            0       498      1.09      1.07      1.58         0
10:54:19            0       498      1.08      1.07      1.57         0
10:54:29            0       498      1.15      1.08      1.57         0
10:54:39            0       499      1.12      1.08      1.56         0
10:54:49            0       499      1.10      1.08      1.55         0
10:54:59            0       499      1.09      1.08      1.55         0
10:55:09            0       498      1.07      1.07      1.54         0
10:55:19            0       498      1.78      1.22      1.58         0
10:55:29            0       498      1.74      1.23      1.58         0
10:55:39            0       499      1.62      1.22      1.58         0
10:55:49            0       499      1.53      1.21      1.57         0
10:55:59            0       499      1.77      1.27      1.58         0
10:56:09            0       496      1.65      1.26      1.58         0
10:56:19            0       496      1.55      1.25      1.57         0
10:56:29            0       496      1.46      1.25      1.56         0
10:56:40            0       497      1.55      1.27      1.57         0
10:56:50            0       497      1.46      1.26      1.56         0
10:57:00            0       496      1.39      1.25      1.55         0
10:57:10            0       496      1.33      1.24      1.55         0
10:57:20            0       496      1.36      1.25      1.55         0
10:57:30            0       497      1.30      1.24      1.54         0
10:57:40            0       497      1.26      1.23      1.54         0
10:57:50            0       497      1.22      1.23      1.53         0
10:58:00            0       496      1.34      1.25      1.53         0
10:58:10            0       496      1.29      1.24      1.53         0
10:58:20            0       496      1.25      1.23      1.52         0
10:58:30            0       497      1.21      1.23      1.52         0
10:58:40            0       497      1.42      1.27      1.53         0
10:58:50            0       497      1.35      1.26      1.52         0
10:59:00            0       496      1.30      1.25      1.52         0
10:59:10            0       496      1.25      1.24      1.51         0
10:59:20            0       496      1.61      1.32      1.53         0
10:59:30            0       497      1.51      1.31      1.53         0
10:59:40            0       497      1.43      1.30      1.52         0
10:59:50            0       497      1.37      1.29      1.51         0
11:00:00            0       496      1.79      1.38      1.54         0

11:00:00      runq-sz  plist-sz   ldavg-1   ldavg-5  ldavg-15   blocked
11:00:11            0       498      1.74      1.38      1.54         0
11:00:21            0       498      1.63      1.37      1.54         0
11:00:31            0       512      1.53      1.35      1.53         0
11:00:41            1       512      1.77      1.41      1.55         1
11:00:51            0       512      1.81      1.43      1.55         1
11:01:01            0       511      1.75      1.43      1.55         0
11:01:11            0       511      1.93      1.48      1.56         0
11:01:21            0       511      2.51      1.62      1.61         0
11:01:31            0       512      2.36      1.61      1.61         0
11:01:41            0       512      2.22      1.61      1.60         0
11:01:51            0       512      2.03      1.59      1.60         0
11:02:01            0       511      2.36      1.67      1.62         0
11:02:11            0       511      2.29      1.68      1.63         0
11:02:21            0       511      2.10      1.66      1.62         0
11:02:32            0       512      1.85      1.62      1.61         0
11:02:42            0       512      2.02      1.67      1.63         0
11:02:52            0       512      1.86      1.65      1.62         0
11:03:02            0       511      1.73      1.62      1.61         0
11:03:12            1       511      1.69      1.62      1.61         0
11:03:22            0       511      2.04      1.70      1.64         1
11:03:32            0       512      1.88      1.68      1.63         0
11:03:42            1       512      1.98      1.70      1.64         0
11:03:52            0       512      1.83      1.68      1.63         0
11:04:02            2       511      1.85      1.69      1.64         0
11:04:12            0       511      1.72      1.67      1.63         0
11:04:22            0       511      1.61      1.64      1.62         0
11:04:32            1       512      1.82      1.69      1.64         0
11:04:43            0       512      1.76      1.68      1.64         0
11:04:53            1       512      1.73      1.68      1.64         0
11:05:03            1       511      1.61      1.65      1.63         0
11:05:13            5       511      1.60      1.65      1.63         0
11:05:23            3       509      1.80      1.69      1.64         0
11:05:33            1       510      1.75      1.69      1.64         0
11:05:43            1       510      1.64      1.66      1.63         0
11:05:53            1       510      1.54      1.64      1.63         0
11:06:03            1       509      1.75      1.69      1.64         0
11:06:14            0       509      1.78      1.70      1.64         0
11:06:24            0       509      1.81      1.70      1.65         0
11:06:34            0       510      1.68      1.68      1.64         0
11:06:44           19       532      3.79      2.12      1.78         0
11:06:54           26       531      6.12      2.68      1.97         0
11:07:04           19       530      8.02      3.20      2.15         0
11:07:14           20       530      9.36      3.64      2.30         0
11:07:24           21       530     11.77      4.34      2.54         0
11:07:34           22       531     13.39      4.94      2.76         0

11:07:34      runq-sz  plist-sz   ldavg-1   ldavg-5  ldavg-15   blocked
11:07:44           21       531     15.55      5.68      3.02         0
11:07:54           21       531     16.21      6.15      3.21         0
11:08:04           17       530     16.97      6.66      3.40         0
11:08:14           27       540     17.68      7.15      3.60         0
11:08:24           24       530     17.12      7.37      3.71         0
11:08:34           29       531     18.35      7.96      3.94         0
11:08:44           24       531     19.29      8.50      4.16         0
11:08:54           18       531     19.45      8.89      4.33         0
11:09:04           22       530     19.95      9.34      4.53         0
11:09:14           20       530     19.80      9.66      4.68         0
11:09:24           20       530     19.65      9.97      4.84         0
11:09:34           22       531     19.91     10.35      5.02         0
11:09:44          162       937     18.48     10.37      5.08         0
11:09:54           75       903     25.78     12.19      5.73         0
11:10:04          315       902     33.44     14.27      6.48         0
11:10:14          239       914     56.30     19.69      8.32         0
11:10:24          120       903     90.01     28.14     11.19         0
11:10:34          342       903    109.82     34.28     13.36         0
11:10:44          267       903    100.00     34.68     13.72         0
11:10:54          189       911    128.29     42.82     16.59         0
11:11:04           64       903    137.86     47.57     18.41         0
11:11:14          142       902    166.34     56.63     21.67         0
11:11:24          280       902    155.79     57.99     22.48         0
11:11:34          140       915    182.66     66.95     25.78         0
11:11:44          166       904    180.77     70.33     27.32         0
11:11:54          352       903    167.64     71.12     28.04         0
11:12:04          190       902    177.05     76.17     30.13         0
11:12:14          360       903    204.11     85.29     33.59         0
11:12:24          363       903    208.22     89.95     35.66         0
11:12:34          129       903    202.38     92.66     37.12         0
11:12:44           81       903    209.72     97.81     39.39         0
11:12:54           50       904    205.76    100.70     40.96         0
11:13:04            0       902    177.25     98.08     40.75         0
11:13:14            0       912    150.16     94.88     40.32         0
11:13:24            0       902    127.22     91.79     39.90         0
11:13:34            0       903    107.82     88.80     39.48         0
11:13:44            0       903     91.47     85.92     39.08         0
11:13:54            0       903     77.56     83.13     38.67         0
11:14:04            0       902     65.79     80.42     38.26         0
11:14:14            0       902     55.83     77.81     37.87         0
11:14:24            0       902     47.40     75.28     37.47         0
11:14:34            0       903     40.27     72.83     37.08         0
11:14:44            0       903     34.23     70.46     36.69         0
11:14:54            0       903     29.12     68.18     36.31         0
11:15:04            0       902     24.80     65.96     35.93         0

11:15:04      runq-sz  plist-sz   ldavg-1   ldavg-5  ldavg-15   blocked
11:15:14            0       902     21.14     63.82     35.55         0
11:15:25            4       909     18.04     61.75     35.18         0
11:15:35            0       903     15.42     59.75     34.82         0
11:15:45            0       903     13.20     57.82     34.45         0
11:15:55            0       903     11.33     55.95     34.10         0
11:16:05            0       902      9.74     54.14     33.74         0
11:16:15            0       902      8.39     52.39     33.39         0
11:16:25            6       913      7.26     50.69     33.04         0
11:16:35            0       903      6.29     49.06     32.70         0
11:16:45            0       903      5.48     47.48     32.36         0
11:16:55            0       903      4.79     45.94     32.02         0
11:17:05            0       902      4.28     44.48     31.69         0
11:17:15            0       902      3.78     43.05     31.36         0
11:17:25            5       910      3.35     41.66     31.04         0
11:17:35            0       903      2.99     40.32     30.72         0
11:17:45            0       903      2.68     39.03     30.40         0
11:17:55            0       903      2.42     37.78     30.08         0
11:18:05            0       902      2.20     36.56     29.77         0
11:18:15            0       907      2.02     35.39     29.46         0
11:18:25            5       903      2.08     34.31     29.17         0
11:18:35            0       903      1.99     33.23     28.87         0
11:18:45            0       903      1.92     32.18     28.58         0
11:18:56            0       903      1.78     31.16     28.28         0
11:19:06            0       902      1.66     30.16     27.99         0
11:19:16            0       902      1.55     29.20     27.70         0
11:19:26            4       902      1.47     28.27     27.42         0
11:19:36            0       903      1.40     27.37     27.13         0
11:19:46            0       903      1.34     26.51     26.85         0
11:19:56            0       903      1.28     25.66     26.57         0
11:20:06            0       902      1.24     24.85     26.30         0
11:20:16            0       902      1.20     24.07     26.03         0
11:20:26            0       902      1.17     23.31     25.76         0
11:20:36            0       903      1.14     22.57     25.49         0
11:20:46            0       904      1.12     21.86     25.23         0
11:20:56            0       904      1.18     21.19     24.98         0
11:21:06            0       903      1.15     20.52     24.72         0
11:21:16            0       903      1.13     19.88     24.46         0
11:21:26            0       903      1.11     19.26     24.21         0
11:21:36            0       904      1.09     18.66     23.96         0
11:21:46            0       904      1.08     18.08     23.72         0
11:21:56            0       904      1.06     17.51     23.47         0
11:22:06            0       903      1.05     16.97     23.23         0
11:22:16            1       903      1.04     16.44     22.99         0
11:22:26            0       903      1.04     15.93     22.76         0
11:22:37            0       904      1.03     15.20     22.41         0

11:22:37      runq-sz  plist-sz   ldavg-1   ldavg-5  ldavg-15   blocked
11:22:47            0       904      1.02     14.73     22.18         0
11:22:57            0       904      1.02     14.28     21.95         0
11:23:07            0       903      1.02     13.84     21.73         0
11:23:17            0       903      1.01     13.42     21.50         0
11:23:27            1       903      1.01     13.01     21.28         0
11:23:37            0       904      1.01     12.61     21.07         0
11:23:47            0       904      1.01     12.23     20.85         0
11:23:57            0       904      1.00     11.86     20.64         0
11:24:07            0       903      1.00     11.50     20.43         0
11:24:17            0       903      1.00     11.16     20.22         0
11:24:27            0       903      1.00     10.82     20.01         0
11:24:37            0       904      1.00     10.50     19.81         0
11:24:47            0       905      1.00     10.18     19.61         0
11:24:57            0       905      1.00      9.88     19.41         0
11:25:07            0       904      1.00      9.59     19.21         0
11:25:17            0       904      1.00      9.30     19.01         0
11:25:27            0       904      1.00      9.03     18.82         0
11:25:37            0       905      1.00      8.77     18.63         0
11:25:47            0       905      1.00      8.51     18.44         0
11:25:57            0       905      1.00      8.26     18.25         0
11:26:08            0       903      1.00      8.02     18.07         0
11:26:18            0       904      1.00      7.79     17.88         0
11:26:28            0       904      1.00      7.57     17.70         0
11:26:38            0       905      1.00      7.35     17.52         0
11:26:48            0       904      1.00      7.14     17.35         0
11:26:58            0       904      1.00      6.94     17.17         0
11:27:08            0       903      1.00      6.74     17.00         0
11:27:18            0       903      1.00      6.55     16.82         0
11:27:28            0       903      1.00      6.37     16.65         0
11:27:38            0       904      1.00      6.19     16.49         0
11:27:48            0       904      1.00      6.02     16.32         0
11:27:58            0       904      1.00      5.85     16.15         0
11:28:08            0       903      1.00      5.69     15.99         0
11:28:18            0       903      1.00      5.54     15.83         0
11:28:28            0       903      1.00      5.39     15.67         0
11:28:38            0       904      1.00      5.24     15.51         0
11:28:48            0       904      1.00      5.10     15.36         0
11:28:58            0       904      1.00      4.97     15.20         0
11:29:08            0       903      1.00      4.84     15.05         0
11:29:18            0       903      1.00      4.71     14.90         0
11:29:29            0       903      1.00      4.59     14.75         0
11:29:39            0       904      1.00      4.47     14.60         0
11:29:49            0       904      1.00      4.35     14.46         0
11:29:59            0       904      1.00      4.24     14.31         0
11:30:09            0       903      1.00      4.14     14.17         0

11:30:09      runq-sz  plist-sz   ldavg-1   ldavg-5  ldavg-15   blocked
11:30:19            0       903      1.00      4.03     14.03         0
11:30:29            0       903      1.00      3.93     13.89         0
11:30:39            0       904      1.00      3.83     13.75         0
11:30:49            0       904      1.00      3.74     13.61         0
11:30:59            0       904      1.00      3.65     13.48         0
11:31:09            0       903      1.00      3.56     13.34         0
11:31:19            0       903      1.00      3.48     13.21         0
11:31:29            0       903      1.07      3.41     13.08         0
11:31:39            0       903      1.06      3.33     12.95         0
11:31:49            0       903      1.05      3.25     12.82         0
11:31:59            0       903      1.04      3.18     12.70         0
11:32:09            0       902      1.04      3.11     12.57         0
11:32:19            0       902      1.03      3.04     12.45         0
11:32:30            0       903      1.02      2.97     12.32         0
11:32:40            0       903      1.02      2.91     12.20         0
11:32:50            0       903      1.02      2.84     12.08         0
11:33:00            0       902      1.01      2.78     11.96         0
11:33:10            0       902      1.01      2.72     11.85         0
11:33:20            4       902      1.01      2.66     11.73         0
11:33:30            0       903      1.01      2.61     11.61         0
11:33:40            0       903      1.01      2.56     11.50         0
11:33:50            0       903      1.00      2.50     11.39         0
11:34:00            0       902      1.00      2.45     11.27         0
11:34:10            0       902      1.00      2.41     11.16         0
11:34:20            0       902      1.00      2.36     11.05         0
11:34:30            0       903      1.00      2.31     10.95         0
11:34:40            0       903      1.00      2.27     10.84         0
11:34:50            0       903      1.00      2.23     10.73         0
11:35:00            0       902      1.00      2.19     10.63         0
11:35:10            0       902      1.00      2.15     10.52         0
11:35:20            0       902      1.00      2.11     10.42         0
11:35:30            0       903      1.00      2.07     10.32         0
11:35:41            0       903      1.00      2.04     10.22         0
11:35:51            0       903      1.00      2.00     10.12         0
11:36:01            1       902      1.00      1.97     10.02         0
11:36:11            1       902      1.00      1.94      9.93         0
11:36:21            0       902      1.00      1.90      9.83         0
11:36:31            0       903      1.00      1.87      9.73         0
11:36:41            0       903      1.00      1.84      9.64         0
11:36:51            0       903      1.00      1.82      9.55         0
11:37:01            0       902      1.00      1.79      9.45         0
11:37:11            0       902      1.00      1.76      9.36         0
11:37:21            0       902      1.00      1.74      9.27         0
11:37:31            0       903      1.00      1.71      9.18         0
11:37:41            0       903      1.00      1.69      9.10         0

11:37:41      runq-sz  plist-sz   ldavg-1   ldavg-5  ldavg-15   blocked
11:37:51            0       903      1.00      1.66      9.01         0
11:38:01            0       902      1.00      1.64      8.92         0
11:38:11            0       902      1.00      1.62      8.84         0
11:38:21            0       902      1.00      1.60      8.75         0
11:38:32            0       903      1.00      1.57      8.63         0
11:38:42            0       903      1.00      1.55      8.54         0
11:38:52            0       903      1.07      1.55      8.47         0
11:39:02            0       902      1.06      1.53      8.39         0
11:39:12            0       902      1.05      1.51      8.31         0
11:39:22            0       902      1.04      1.49      8.23         0
11:39:32            0       903      1.04      1.48      8.15         0
Average:           10       604     10.86     10.79     10.09         0
