vnsk@gke-cluster1-pool1-xxxxxxxx-nnsj ~ $ sar -f /mnt/stateful_partition/sysstat/sa30 -b 10
Linux 4.14.138+ (gke-cluster1-pool1-xxxxxxxx-nnsj) 	05/30/20 	_x86_64_	(1 CPU)

08:48:06          tps      rtps      wtps   bread/s   bwrtn/s
09:00:03         1.88      0.00      1.88      0.73     13.55
09:00:10         0.86      0.00      0.86      0.00      0.00
09:00:20         8.65      0.00      8.65      0.00     76.46
09:00:30         0.90      0.00      0.90      0.00      3.21
09:00:40         1.31      0.00      1.31      0.00     48.34
09:00:50         0.70      0.00      0.70      0.00      0.80
09:01:00         8.34      0.00      8.34      0.00     83.62
09:01:10         0.90      0.10      0.80      0.80     12.86
09:01:20         0.60      0.00      0.60      0.00      0.00
09:01:30         1.11      0.00      1.11      0.00     28.14
09:01:40         1.81      0.00      1.81      0.00     16.90
09:01:50         5.63      0.00      5.63      0.00     42.61
09:02:00         1.41      0.00      1.41      0.00     31.39
09:02:10         1.31      0.00      1.31      0.00     16.11
09:02:20         0.60      0.00      0.60      0.00      0.00
09:02:31         3.74      0.00      3.74      0.00     48.22
09:02:41         1.91      0.00      1.91      0.00     20.14
09:02:51         0.60      0.00      0.60      0.00      0.00
09:03:01         1.00      0.00      1.00      0.00     27.31
09:03:11         4.51      0.00      4.51      0.00     38.52
09:03:21         0.81      0.00      0.81      0.00      2.42
09:03:31         0.90      0.00      0.90      0.00     27.34
09:03:41         1.61      0.00      1.61      0.00     20.14
09:03:51         5.52      0.00      5.52      0.00     42.57
09:04:01         0.90      0.00      0.90      0.00      3.22
09:04:11         1.01      0.00      1.01      0.00     35.38
09:04:21         0.80      0.00      0.80      0.00      1.61
09:04:31         0.90      0.00      0.90      0.00      3.22
09:04:41         6.74      0.00      6.74      0.00     86.12
09:04:51         0.70      0.00      0.70      0.00      0.80
09:05:01         0.90      0.00      0.90      0.00      3.22
09:05:11         0.90      0.00      0.90      0.00     31.33
09:05:21        13.47     12.66      0.80    526.63      1.61
09:05:31       220.95    220.04      0.91   9657.20      5.64
09:05:42        55.27     49.04      6.23   2097.16     78.46
09:05:52        23.24     22.43      0.80   1001.21      1.61
09:06:02        17.50     16.10      1.40    723.20     27.20
09:06:12        22.12     21.32      0.80    810.41      8.01
09:06:22        10.19      8.99      1.20    409.19     16.78
09:06:32        19.20     18.30      0.90    803.20      3.20
09:06:42        33.33     32.53      0.80   1322.92      6.41
09:06:52        13.89     12.99      0.90    540.26     25.57
09:07:02         8.40      7.40      1.00    300.80      4.00
09:07:12        33.40     31.90      1.50   1241.60     17.60
09:07:22         7.59      6.79      0.80    258.94     25.57

09:07:22          tps      rtps      wtps   bread/s   bwrtn/s
09:07:32         6.81      1.00      5.81     32.03     45.65
09:07:42        14.50     13.20      1.30    576.00     16.00
09:07:52         9.10      8.40      0.70    345.60     24.00
09:08:02         1.00      0.00      1.00      0.00      4.00
09:08:12         1.60      0.00      1.60      0.00     13.59
09:08:22         6.11      0.00      6.11      0.00     67.27
09:08:32         0.80      0.00      0.80      0.00      2.41
09:08:42         0.81      0.00      0.81      0.00     10.48
09:08:52         6.13      0.00      6.13      0.00     72.36
09:09:02         0.91      0.00      0.91      0.00      3.22
09:09:12         1.71      0.00      1.71      0.00     18.46
09:09:22         1.11      0.00      1.11      0.00     26.53
09:09:32         0.91      0.00      0.91      0.00      3.22
09:09:42         0.80      0.00      0.80      0.00      8.84
09:09:52         0.80      0.00      0.80      0.00     24.95
09:10:02         0.91      0.00      0.91      0.00      3.22
09:10:12         1.61      0.00      1.61      0.00     17.67
09:10:22         4.42      0.00      4.42      0.00     56.22
09:10:32         0.91      0.00      0.91      0.00      3.22
09:10:42         1.01      0.00      1.01      0.00      9.65
09:10:52         0.70      0.00      0.70      0.00     24.14
09:11:02         1.01      0.00      1.01      0.00      4.02
09:11:13         3.74      0.00      3.74      0.00     33.61
09:11:23         0.80      0.00      0.80      0.00     24.95
09:11:33         0.91      0.00      0.91      0.00      4.03
09:11:43         4.63      0.00      4.63      0.00     41.89
09:11:53         0.70      0.00      0.70      0.00      0.80
09:12:03         1.00      0.00      1.00      0.00     31.33
09:12:13         2.31      0.00      2.31      0.00     23.29
09:12:23         0.70      0.00      0.70      0.00      0.81
09:12:33         0.90      0.00      0.90      0.00     26.51
09:12:43         0.80      0.00      0.80      0.00      9.65
09:12:53         0.70      0.00      0.70      0.00      0.80
09:13:03         1.01      0.00      1.01      0.00     27.39
09:13:13         5.23      0.00      5.23      0.00     47.44
09:13:23         0.81      0.00      0.81      0.00      1.61
09:13:33         7.14      0.00      7.14      0.00     81.21
09:13:43         0.80      0.00      0.80      0.00     10.46
09:13:53         0.60      0.00      0.60      0.00      0.00
09:14:04         1.10      0.00      1.10      0.00     27.08
09:14:14         1.71      0.00      1.71      0.00     16.88
09:14:24         4.73      0.00      4.73      0.00     51.56
09:14:34        10.46      0.00     10.46      0.00    150.50
09:14:44         0.80      0.00      0.80      0.00      8.02
09:14:54         0.60      0.00      0.60      0.00      0.00

09:14:54          tps      rtps      wtps   bread/s   bwrtn/s
09:15:04         0.00      0.00      0.00      0.00      0.00
09:15:14         0.60      0.00      0.60      0.00      0.00
09:15:24         0.60      0.00      0.60      0.00      0.00
09:15:34        20.62      0.00     20.62      0.00    275.25
09:15:44         0.60      0.00      0.60      0.00      0.00
09:15:54         7.65      0.00      7.65      0.00     87.73
09:16:04         0.80      0.00      0.80      0.00      8.85
09:16:14         0.60      0.00      0.60      0.00      0.00
09:16:24         0.80      0.00      0.80      0.00     25.73
09:16:34         2.11      0.00      2.11      0.00     24.12
09:16:44         0.60      0.00      0.60      0.00      0.00
09:16:54         8.86      4.13      4.73    209.47     71.70
09:17:05       411.35    288.28    123.06  36733.76   4325.46
09:17:15         1.31      0.00      1.31      0.00     12.06
09:17:25         0.60      0.00      0.60      0.00      0.00
09:17:35         8.64      0.00      8.64      0.00    230.75
09:17:45         1.11      0.00      1.11      0.00      4.83
09:17:55         0.81      0.00      0.81      0.00      1.61
09:18:05         1.11      0.00      1.11      0.00     40.20
09:18:15         3.12      0.00      3.12      0.00     25.73
09:18:25         7.96      0.00      7.96      0.00     80.56
09:18:35         0.90      0.00      0.90      0.00     13.67
09:18:45         0.80      0.00      0.80      0.00      2.41
09:18:55         3.72      0.00      3.72      0.00     49.09
09:19:05         2.01      0.00      2.01      0.00     20.10
09:19:15         0.91      0.00      0.91      0.00      3.22
09:19:25         0.80      0.00      0.80      0.00     24.92
09:19:35         0.91      0.00      0.91      0.00     11.29
09:19:46         1.01      0.09      0.91     13.16      3.66
09:19:56         0.70      0.00      0.70      0.00     24.90
09:20:06         1.61      0.00      1.61      0.00     16.88
09:20:16         1.11      0.00      1.11      0.00      5.63
09:20:26         4.62      0.40      4.22      3.21     30.52
09:20:36         2.42      1.31      1.11     41.13     38.71
09:20:46         1.01      0.00      1.01      0.00      5.63
09:20:56         0.81      0.00      0.81      0.00      1.61
09:21:06         2.82      0.00      2.82      0.00     58.75
09:21:16         1.01      0.00      1.01      0.00      4.83
09:21:26         0.80      0.00      0.80      0.00      1.61
09:21:36         5.95      4.64      1.31    243.55     43.55
09:21:46         1.20      0.00      1.20      0.00      8.84
09:21:56         4.23      0.00      4.23      0.00     31.39
09:22:06         2.00      0.00      2.00      0.00     41.68
09:22:16         1.31      0.00      1.31      0.00      6.43
09:22:26         0.60      0.00      0.60      0.00      0.00

09:22:26          tps      rtps      wtps   bread/s   bwrtn/s
09:22:36         1.11      0.00      1.11      0.00     12.86
09:22:47         0.82      0.00      0.82      0.00     27.06
09:22:57         6.23      0.00      6.23      0.00     58.69
09:23:07         0.91      0.00      0.91      0.00      9.66
09:23:17         0.91      0.00      0.91      0.00      3.22
09:23:27         0.70      0.00      0.70      0.00     24.87
09:23:37         1.61      0.00      1.61      0.00     17.69
09:23:47         6.14      0.30      5.84     27.36     46.68
09:23:57         0.70      0.00      0.70      0.00      0.80
09:24:07         4.03      0.00      4.03      0.00     67.67
09:24:17         0.91      0.00      0.91      0.00      3.22
09:24:27         0.70      0.00      0.70      0.00      0.80
09:24:37         6.24      0.00      6.24      0.00     79.76
09:24:47         0.91      0.00      0.91      0.00      4.03
09:24:57         0.60      0.00      0.60      0.00      0.00
09:25:07         0.91      0.00      0.91      0.00     33.06
09:25:17         4.33      0.00      4.33      0.00     30.58
09:25:27         1.01      0.20      0.80      8.85      2.41
09:25:38         1.65      0.09      1.56      0.73     34.43
09:25:48         5.22      0.00      5.22      0.00     55.42
09:25:58         1.11      0.00      1.11      0.00      4.85
09:26:08       116.70      0.40    116.30      3.24  44183.81
09:26:18         0.81      0.00      0.81      0.00      8.13
09:26:28         0.60      0.00      0.60      0.00      0.00
09:26:38         2.41      0.00      2.41      0.00     50.70
09:26:48         1.11      0.00      1.11      0.00      4.84
09:26:58         1.51      0.00      1.51      0.00     19.32
09:27:08         1.41      0.00      1.41      0.00     13.68
09:27:18         0.80      0.00      0.80      0.00      2.41
09:27:28         0.81      0.00      0.81      0.00     26.59
09:27:38         5.34      0.00      5.34      0.00     53.17
09:27:49         1.00      0.00      1.00      0.00     21.19
09:27:59         0.60      0.00      0.60      0.00      0.00
09:28:09         0.90      0.00      0.90      0.00      6.43
09:28:19         1.00      0.00      1.00      0.00     28.11
09:28:29         0.71      0.00      0.71      0.00      0.81
09:28:39         1.71      0.00      1.71      0.00     21.71
09:28:49         7.95      0.00      7.95      0.00     65.19
09:28:59         5.23      0.00      5.23      0.00    115.90
09:29:09         2.11      0.00      2.11      0.00     34.57
09:29:19         0.80      0.00      0.80      0.00      1.61
09:29:29         0.81      0.00      0.81      0.00     24.97
09:29:39         2.62      0.00      2.62      0.00     27.36
09:29:49         0.60      0.00      0.60      0.00      0.00
09:29:59         0.80      0.00      0.80      0.00     25.75

09:29:59          tps      rtps      wtps   bread/s   bwrtn/s
09:30:09         1.11      0.00      1.11      0.00     12.89
09:30:19         5.82      0.00      5.82      0.00     48.14
09:30:29         0.91      0.00      0.91      0.00     29.81
09:30:39         2.21      0.00      2.21      0.00     20.93
09:30:40         3.09      0.00      3.09      0.00      0.00
09:30:50         1.61      0.00      1.61      0.00     12.05
09:31:00         5.03      0.00      5.03      0.00     61.17
09:31:10         1.21      0.20      1.01     12.88     14.49
09:31:20         0.81      0.00      0.81      0.00      3.22
09:31:30         1.21      0.00      1.21      0.00     29.78
09:31:40         1.92      0.00      1.92      0.00     18.55
09:31:50         5.82      0.00      5.82      0.00     43.37
09:32:00         0.80      0.00      0.80      0.00     24.90
09:32:10         1.81      0.00      1.81      0.00     23.32
09:32:20         0.60      0.00      0.60      0.00      0.00
09:32:30         0.80      0.00      0.80      0.00     25.75
09:32:40         2.52      0.00      2.52      0.00     30.65
09:32:50         0.60      0.00      0.60      0.00      0.00
09:33:00         0.60      0.00      0.60      0.00      0.00
09:33:10       148.53    147.01      1.52   6461.60     42.96
09:33:21        41.35     34.13      7.23   1739.07     60.02
09:33:31        24.12     23.42      0.70   1009.85      0.80
09:33:40        42.00     39.69      2.30   1547.37     52.63
09:33:50        32.70     31.90      0.80   1595.19      2.41
09:34:01        36.72     36.17      0.55   1591.21      0.00
09:34:11        20.20     18.99      1.21    804.02     35.38
09:34:21        14.23     13.42      0.81    587.69      1.61
09:34:31        14.55      9.70      4.85    397.58     47.68
09:34:41        13.18     12.17      1.01    521.53     12.88
09:34:51         6.85      6.24      0.60    212.69      0.00
09:35:01         5.03      4.23      0.80    173.84     25.75
09:35:11         7.04      5.13      1.91    206.04     17.71
09:35:21         0.60      0.00      0.60      0.00      0.00
09:35:31         0.80      0.00      0.80      0.00     25.75
09:35:41        18.23     12.79      5.44    583.28     55.59
09:35:51         1.61      1.01      0.60     64.39      0.00
09:36:01         0.60      0.00      0.60      0.00      0.00
09:36:11         1.42      0.00      1.42      0.00     40.44
09:36:22         5.33      4.14      1.19    152.94     16.18
09:36:32         8.77      8.06      0.71    312.90      0.81
09:36:42         1.01      0.00      1.01      0.00     10.49
09:36:52         7.18      6.47      0.71    220.02      0.81
09:37:02         0.81      0.00      0.81      0.00     25.05
09:37:12         2.33      0.00      2.33      0.00     23.48
09:37:22         5.76      0.00      5.76      0.00     43.68

09:37:22          tps      rtps      wtps   bread/s   bwrtn/s
09:37:32         0.91      0.00      0.91      0.00     25.81
09:37:42        16.04     14.93      1.11    542.48     14.53
09:37:52         0.60      0.00      0.60      0.00      0.00
09:38:03         8.73      7.90      0.83    311.76     25.00
09:38:13         9.89      7.97      1.92    358.43     20.18
09:38:23         5.95      0.00      5.95      0.00     46.77
09:38:33         1.01      0.00      1.01      0.00     27.53
09:38:43         0.91      0.00      0.91      0.00     12.93
09:38:53         0.61      0.00      0.61      0.00      0.00
09:39:03         4.72      0.00      4.72      0.00     61.91
09:39:13         1.70      0.00      1.70      0.00     16.78
09:39:23        25.30     21.40      3.90    838.40     43.20
09:39:33         4.70      3.80      0.90    144.00      3.20
09:39:43         9.99      9.19      0.80    345.25      8.79
09:39:53         0.80      0.00      0.80      0.00     26.43
09:40:03        17.28     12.19      5.09    524.28     47.15
09:40:13         2.60      1.80      0.80     70.40     10.40
09:40:23         0.60      0.00      0.60      0.00      0.00
09:40:33         8.80      7.00      1.80    288.00     26.40
09:40:43         5.20      4.30      0.90    166.40      9.60
09:40:53         0.60      0.00      0.60      0.00      0.00
09:41:03         1.10      0.00      1.10      0.00     28.80
09:41:13         1.50      0.00      1.50      0.00     15.22
09:41:23         4.50      0.00      4.50      0.00     52.00
09:41:33         0.90      0.00      0.90      0.00      3.20
09:41:43         0.80      0.00      0.80      0.00      8.00
09:41:53         0.80      0.00      0.80      0.00     25.55
09:42:03         3.80      0.00      3.80      0.00     28.00
09:42:13         2.30      0.00      2.30      0.00     24.82
09:42:23         0.70      0.00      0.70      0.00     24.00
09:42:33         1.00      0.00      1.00      0.00      4.00
09:42:43         0.80      0.00      0.80      0.00      8.00
09:42:53         0.70      0.00      0.70      0.00      0.80
09:43:03         0.90      0.00      0.90      0.00     26.40
09:43:13         7.41      0.00      7.41      0.00     64.86
09:43:23         0.60      0.00      0.60      0.00      0.00
09:43:33         1.00      0.00      1.00      0.00     28.03
09:43:43         1.90      0.00      1.90      0.00     21.60
09:43:53         5.59      0.00      5.59      0.00     43.11
09:44:03         1.00      0.00      1.00      0.00     30.43
09:44:13         0.90      0.00      0.90      0.00      8.00
09:44:23         0.80      0.00      0.80      0.00      2.40
09:44:33         1.00      0.00      1.00      0.00     27.25
09:44:43         5.40      0.00      5.40      0.00     52.80
09:44:53         0.60      0.00      0.60      0.00      0.00

09:44:53          tps      rtps      wtps   bread/s   bwrtn/s
09:45:03         1.20      0.00      1.20      0.00     29.60
09:45:13         0.80      0.00      0.80      0.00      5.61
09:45:23         0.60      0.00      0.60      0.00      0.00
09:45:33         1.11      0.00      1.11      0.00     28.17
09:45:43         1.61      0.00      1.61      0.00     17.71
09:45:53         5.62      0.00      5.62      0.00     42.57
09:46:03         1.01      0.00      1.01      0.00      4.02
09:46:13         0.91      0.00      0.91      0.00     35.45
09:46:23         4.01      0.00      4.01      0.00     43.33
09:46:33         0.91      0.00      0.91      0.00      3.22
09:46:43         0.80      0.00      0.80      0.00      8.85
09:46:54         0.82      0.00      0.82      0.00     23.36
09:47:04         0.91      0.00      0.91      0.00      3.22
09:47:14         1.71      0.00      1.71      0.00     28.94
09:47:24       216.16      0.90    215.26     77.11  74582.33
09:47:34       249.70      0.10    249.60      0.80  92913.83
09:47:44       106.22      0.30    105.92      2.41  41443.37
09:47:54         0.70      0.00      0.70      0.00     16.83
09:48:04         1.10      0.00      1.10      0.00      4.81
09:48:14         7.65      0.00      7.65      0.00    125.55
09:48:24         0.80      0.00      0.80      0.00      1.61
09:48:34         0.80      0.00      0.80      0.00      2.41
09:48:44         3.62      2.72      0.91    332.39     16.10
09:48:54         9.26      0.10      9.16      0.81    102.32
09:49:04         3.52      0.00      3.52      0.00     57.95
09:49:14         2.31      0.00      2.31      0.00     40.24
09:49:24         3.02      1.31      1.71    144.06     22.54
09:49:34         1.21      0.10      1.11     13.68      4.02
09:49:44         1.01      0.00      1.01      0.00     13.67
09:49:54         1.92      1.01      0.91    111.29     28.23
09:50:05         0.91      0.00      0.91      0.00      0.73
09:50:15         1.91      0.00      1.91      0.00     20.10
09:50:25         1.21      0.00      1.21      0.00     30.61
09:50:35         9.25      5.03      4.22    314.37     30.55
09:50:45         6.64      0.00      6.64      0.00     88.53
09:50:55         0.60      0.00      0.60      0.00      0.00
09:51:05         0.60      0.00      0.60      0.00      0.00
09:51:15         1.01      0.00      1.01      0.00     36.98
09:51:25         0.81      0.00      0.81      0.00      1.61
09:51:35         0.70      0.00      0.70      0.00      0.80
09:51:45         6.84      0.00      6.84      0.00     84.51
09:51:55         3.92      0.10      3.82      0.80     60.36
09:52:05         1.31      0.00      1.31      0.00     30.65
09:52:15        11.67      0.00     11.67      0.00    173.04
09:52:25         1.81      0.00      1.81      0.00     19.32

09:52:25          tps      rtps      wtps   bread/s   bwrtn/s
09:52:36         6.78      0.00      6.78      0.00     68.86
09:52:46        27.68      0.00     27.68      0.00    534.95
09:52:56       278.06    125.38    152.68   9627.50   5004.65
09:53:06       104.74    102.22      2.52   7187.89     39.56
09:53:16         0.60      0.00      0.60      0.00      0.00
09:53:26        10.88      0.00     10.88      0.00    236.86
09:53:36         1.31      0.00      1.31      0.00     50.76
09:53:46         4.64      0.00      4.64      0.00     58.06
09:53:56         0.60      0.00      0.60      0.00      0.00
09:54:06         1.11      0.00      1.11      0.00     16.92
09:54:16         0.80      0.00      0.80      0.00     26.56
09:54:26         5.73      0.00      5.73      0.00     42.66
09:54:36         2.92      0.50      2.42     50.81     27.42
09:54:46         0.71      0.00      0.71      0.00      0.81
09:54:47         0.00      0.00      0.00      0.00      0.00
09:54:57         1.51      0.50      1.01     25.81     32.26
09:55:07         4.12      0.00      4.12      0.00     40.16
09:55:17         1.41      0.00      1.41      0.00     26.56
09:55:27         0.70      0.00      0.70      0.00      0.80
09:55:37         2.62      0.00      2.62      0.00     43.50
09:55:47         0.61      0.00      0.61      0.00      0.00
09:55:57         0.60      0.00      0.60      0.00      0.00
09:56:07         1.41      0.00      1.41      0.00     45.92
09:56:17         4.23      0.00      4.23      0.00     30.65
09:56:27         0.70      0.00      0.70      0.00      0.80
09:56:37         2.22      0.00      2.22      0.00     20.95
09:56:47         0.81      0.00      0.81      0.00     25.78
09:56:57         0.70      0.00      0.70      0.00      0.80
09:57:07         1.71      0.40      1.31      7.24     16.10
09:57:17       162.20    160.89      1.31   6309.68     29.03
09:57:28         4.49      0.00      4.49      0.00     43.22
09:57:38         1.01      0.00      1.01      0.00     20.16
09:57:48         5.03      0.00      5.03      0.00     53.87
09:57:58         0.60      0.00      0.60      0.00      0.00
09:58:08         2.42      0.00      2.42      0.00     39.52
09:58:18         0.60      0.00      0.60      0.00      0.00
09:58:28         7.64      0.00      7.64      0.00     73.17
09:58:38         1.01      0.00      1.01      0.00     14.49
09:58:48         0.60      0.00      0.60      0.00      0.00
09:58:58         0.91      0.00      0.91      0.00     29.03
09:59:08         6.02      0.00      6.02      0.00     53.82
09:59:18         0.60      0.00      0.60      0.00      0.00
09:59:28         1.21      0.00      1.21      0.00     28.94
09:59:38         1.11      0.00      1.11      0.00     20.14
09:59:48         0.71      0.00      0.71      0.00      0.81

09:59:48          tps      rtps      wtps   bread/s   bwrtn/s
09:59:59         1.19      0.00      1.19      0.00     27.76
10:00:09         4.33      1.41      2.92    183.06     34.68
10:00:19         0.81      0.00      0.81      0.00      2.42
10:00:29         8.88      0.00      8.88      0.00    100.91
10:00:39         1.61      0.00      1.61      0.00     25.83
10:00:49         1.01      0.00      1.01      0.00      3.22
10:00:59         0.81      0.00      0.81      0.00     25.05
10:01:09         6.04      0.00      6.04      0.00     62.03
10:01:19         0.60      0.00      0.60      0.00      0.00
10:01:29         0.81      0.00      0.81      0.00      1.61
10:01:39         1.11      0.00      1.11      0.00     36.29
10:01:49        14.30      0.00     14.30      0.00    219.94
10:01:59         3.32      2.01      1.31     63.58      6.44
10:02:09         3.63      0.00      3.63      0.00     66.13
10:02:20         1.64      0.00      1.64      0.00      7.31
10:02:30         0.81      0.00      0.81      0.00      1.61
10:02:40         1.01      0.00      1.01      0.00     45.07
10:02:50         3.12      0.00      3.12      0.00     34.64
10:03:00         0.60      0.00      0.60      0.00      0.00
10:03:10         6.73      0.00      6.73      0.00     70.75
10:03:20         5.53      0.00      5.53      0.00     94.16
10:03:30         1.82      0.00      1.82      0.00     17.76
10:03:40         1.21      0.00      1.21      0.00     45.21
10:03:50         5.73      0.00      5.73      0.00     45.07
10:04:00         1.01      0.00      1.01      0.00      4.03
10:04:10         3.01      0.00      3.01      0.00     57.77
10:04:20         0.81      0.00      0.81      0.00      1.61
10:04:30         1.01      0.00      1.01      0.00      4.02
10:04:40         9.25      0.00      9.25      0.00    114.17
10:04:51         0.64      0.00      0.64      0.00      0.73
10:05:01         6.14      0.10      6.04      6.44    211.67
10:05:11         6.75      0.20      6.55      4.03    208.66
10:05:21        10.15      0.50      9.65     30.55    377.09
10:05:31         6.94      0.50      6.44     19.32    169.82
10:05:41         6.15      0.50      5.65     19.35    159.68
10:05:51         0.90      0.00      0.90      0.00     25.73
10:06:01         1.51      0.00      1.51      0.00     10.46
10:06:11         2.21      0.00      2.21      0.00     25.75
10:06:21         4.64      0.00      4.64      0.00     59.74
10:06:31       136.96      0.10    136.86      0.81  39407.85
10:06:41       207.16      0.00    207.16      0.00  67431.45
10:06:51       214.01      2.12    211.90    254.03  72066.13
10:07:01       236.60      0.40    236.20     67.95  79706.37
10:07:12       244.54      1.01    243.53    102.11  78654.18
10:07:22       219.19      0.10    219.09      0.81  70263.43

10:07:22          tps      rtps      wtps   bread/s   bwrtn/s
10:07:32       216.50      8.75    207.75   1068.81  71003.62
10:07:42       221.47     16.23    205.24   1854.84  67298.39
10:07:52       160.10      8.69    151.41   1086.87  46794.34
10:08:02        61.43      1.21     60.22     99.09  20410.07
10:08:12        41.39      6.75     34.64    475.33   7643.10
10:08:22         1.81      1.21      0.60     50.00      0.00
10:08:32         1.81      1.01      0.81     62.84      2.42
10:08:42         1.41      0.10      1.31     13.70     41.89
10:08:52         7.96      0.00      7.96      0.00     63.65
10:09:02         0.81      0.00      0.81      0.00      2.42
10:09:12         2.31      0.00      2.31      0.00     49.05
10:09:23         0.91      0.09      0.82      0.73      3.66
10:09:33         1.40      0.00      1.40      0.00     14.44
10:09:43         1.01      0.00      1.01      0.00     38.67
10:09:53         1.21      0.20      1.01      1.61      4.02
10:10:03         1.01      0.30      0.70     27.39      1.61
10:10:13         3.02      0.50      2.52     36.29     59.68
10:10:23         1.61      0.00      1.61      0.00     10.44
10:10:33         4.13      0.00      4.13      0.00     30.61
10:10:43         1.10      0.00      1.10      0.00     36.14
10:10:53         1.01      0.00      1.01      0.00      4.04
10:11:03         1.51      0.00      1.51      0.00     18.53
10:11:13         0.80      0.00      0.80      0.00      9.64
10:11:23         2.41      0.60      1.81     14.47     23.32
10:11:33         0.91      0.00      0.91      0.00     10.47
10:11:43        18.49      1.01     17.49     27.34    626.33
10:11:53         0.91      0.00      0.91      0.00      8.86
10:12:03         7.65      0.00      7.65      0.00     78.15
10:12:14        27.81      2.56     25.25     71.00    433.30
10:12:24         0.00      0.00      0.00      0.00      0.00
10:12:34       288.13    147.06    141.08  30668.76   4735.09
10:12:44       114.37    105.63      8.74  24204.22    154.37
10:12:54         0.60      0.00      0.60      0.00      0.00
10:13:04        11.35      1.71      9.64     53.01    240.96
10:13:14         1.41      0.00      1.41      0.00      8.84
10:13:24         0.60      0.00      0.60      0.00      0.00
10:13:34         5.15      0.00      5.15      0.00    114.63
10:13:44         7.25      0.00      7.25      0.00     58.01
10:13:54         0.60      0.00      0.60      0.00      0.00
10:14:04         1.21      0.00      1.21      0.00     39.48
10:14:14         0.90      0.00      0.90      0.00      3.22
10:14:24         1.01      0.40      0.60      3.22      0.00
10:14:35         7.14      0.00      7.14      0.00     83.52
10:14:45         0.91      0.00      0.91      0.00      3.23
10:14:55         0.70      0.00      0.70      0.00      0.80

10:14:55          tps      rtps      wtps   bread/s   bwrtn/s
10:15:05         1.41      0.30      1.11      3.22     37.06
10:15:15         1.01      0.00      1.01      0.00      5.64
10:15:25         0.60      0.00      0.60      0.00      0.00
10:15:35         2.11      0.00      2.11      0.00     41.09
10:15:45         1.01      0.00      1.01      0.00      4.02
10:15:55         0.60      0.00      0.60      0.00      0.00
10:16:05         1.01      0.00      1.01      0.00     11.27
10:16:15         1.11      0.00      1.11      0.00     30.61
10:16:25         5.84      0.00      5.84      0.00     53.12
10:16:35         2.12      0.00      2.12      0.00     26.61
10:16:45         0.81      0.00      0.81      0.00     25.78
10:16:55         0.70      0.00      0.70      0.00      0.80
10:17:05         0.91      0.00      0.91      0.00     10.47
10:17:16         1.28      0.00      1.28      0.00     27.11
10:17:26         8.46      0.00      8.46      0.00     82.18
10:17:36         0.81      0.00      0.81      0.00     18.55
10:17:46         0.60      0.00      0.60      0.00      0.00
10:17:56         0.80      0.00      0.80      0.00     25.75
10:18:06         2.82      0.00      2.82      0.00     26.56
10:18:16         0.60      0.00      0.60      0.00      0.00
10:18:26        11.06      0.00     11.06      0.00    168.84
10:18:36         1.81      0.00      1.81      0.00     20.93
10:18:46         0.71      0.00      0.71      0.00      0.81
10:18:56         1.11      0.00      1.11      0.00     33.80
10:19:06         7.14      0.00      7.14      0.00     65.19
10:19:16        22.13      1.21     20.93      9.66    305.03
10:19:26         6.05      2.82      3.23     95.97     52.42
10:19:36         6.53      0.00      6.53      0.00     69.95
10:19:47         1.10      0.00      1.10      0.00     35.13
10:19:57         0.90      0.00      0.90      0.00      3.22
10:20:07         1.61      0.30      1.31      2.41     45.07
10:20:17         2.41      0.00      2.41      0.00     17.71
10:20:27         0.90      0.00      0.90      0.00      3.22
10:20:37         5.92      0.00      5.92      0.00     77.11
10:20:47         0.81      0.00      0.81      0.00     28.20
10:20:57         0.80      0.00      0.80      0.00      2.41
10:21:07         3.71      0.00      3.71      0.00     38.55
10:21:17         0.80      0.00      0.80      0.00     24.90
10:21:27         1.01      0.00      1.01      0.00      4.03
10:21:37         7.75      0.00      7.75      0.00     82.98
10:21:47         0.60      0.00      0.60      0.00      0.00
10:21:57         0.80      0.00      0.80      0.00      2.41
10:22:07         2.11      0.00      2.11      0.00     42.61
10:22:17         1.11      0.00      1.11      0.00      4.02
10:22:27         1.01      0.00      1.01      0.00      4.02

10:22:27          tps      rtps      wtps   bread/s   bwrtn/s
10:22:37         1.01      0.00      1.01      0.00     37.02
10:22:48         0.64      0.00      0.64      0.00      1.47
10:22:58         5.93      0.00      5.93      0.00     45.03
10:23:08         1.90      0.00      1.90      0.00     43.29
10:23:18         0.70      0.00      0.70      0.00      0.81
10:23:28         6.45      0.00      6.45      0.00     66.06
10:23:38         0.91      0.00      0.91      0.00      9.66
10:23:48         0.60      0.00      0.60      0.00      0.00
10:23:58         1.11      0.00      1.11      0.00     28.17
10:24:08         1.71      0.00      1.71      0.00     16.87
10:24:18         0.60      0.00      0.60      0.00      0.00
10:24:28         1.00      0.00      1.00      0.00     28.08
10:24:38         5.04      0.00      5.04      0.00     58.01
10:24:48         0.60      0.00      0.60      0.00      0.00
10:24:58         1.01      0.00      1.01      0.00      4.03
10:25:08         1.10      0.00      1.10      0.00     29.72
10:25:18         0.60      0.00      0.60      0.00      0.00
10:25:28         0.90      0.00      0.90      0.00      3.22
10:25:38         2.02      0.00      2.02      0.00     42.74
10:25:49         5.11      0.00      5.11      0.00     37.99
10:25:59         0.90      0.00      0.90      0.00      3.21
10:26:09         1.11      0.00      1.11      0.00     32.96
10:26:19         0.70      0.00      0.70      0.00      1.61
10:26:29         0.91      0.00      0.91      0.00      3.22
10:26:39         5.72      0.00      5.72      0.00     78.71
10:26:49         0.81      0.00      0.81      0.00      2.42
10:26:59         0.90      0.00      0.90      0.00      3.22
10:27:09         1.51      0.00      1.51      0.00     41.85
10:27:19         5.93      0.00      5.93      0.00     45.03
10:27:29         1.01      0.00      1.01      0.00      4.02
10:27:39         2.01      0.00      2.01      0.00     48.29
10:27:49         3.72      0.00      3.72      0.00     26.53
10:27:59         1.01      0.00      1.01      0.00      4.02
10:28:09         0.90      0.00      0.90      0.00     32.16
10:28:19         0.60      0.00      0.60      0.00      0.00
10:28:29         1.01      0.00      1.01      0.00      4.02
10:28:39         1.40      0.00      1.40      0.00     13.63
10:28:49         7.86      0.00      7.86      0.00     86.29
10:29:00         1.10      0.00      1.10      0.00      2.92
10:29:10         1.01      0.00      1.01      0.00     13.67
10:29:20         0.70      0.00      0.70      0.00     27.36
10:29:30         0.91      0.00      0.91      0.00      3.22
10:29:40         1.81      0.00      1.81      0.00     27.36
10:29:50         0.60      0.00      0.60      0.00      0.00
10:30:00         1.00      0.00      1.00      0.00      4.01

10:30:00          tps      rtps      wtps   bread/s   bwrtn/s
10:30:10         1.71      0.00      1.71      0.00     38.59
10:30:20         0.60      0.00      0.60      0.00      0.00
10:30:30         0.91      0.00      0.91      0.00      3.22
10:30:40         4.63      0.00      4.63      0.00     65.26
10:30:50         0.70      0.00      0.70      0.00      1.61
10:31:00         4.13      0.00      4.13      0.00     45.12
10:31:10         0.90      0.00      0.90      0.00      9.63
10:31:20         0.60      0.00      0.60      0.00      0.00
10:31:30         5.02      0.00      5.02      0.00     62.59
10:31:40         1.92      0.00      1.92      0.00     22.58
10:31:50         0.60      0.00      0.60      0.00      0.00
10:32:00         6.01      0.00      6.01      0.00     68.94
10:32:01         2.02      0.00      2.02      0.00     72.73
10:32:11         1.21      0.00      1.21      0.00      5.64
10:32:21         3.73      0.00      3.73      0.00     45.92
10:32:31         1.21      0.00      1.21      0.00     17.71
10:32:41         0.60      0.00      0.60      0.00      0.00
10:32:51         0.60      0.00      0.60      0.00      0.00
10:33:01         1.31      0.00      1.31      0.00     35.38
10:33:11         1.71      0.00      1.71      0.00     10.44
10:33:21         0.60      0.00      0.60      0.00      0.00
10:33:31         8.75      0.00      8.75      0.00    102.21
10:33:41         0.70      0.00      0.70      0.00      0.80
10:33:51         0.70      0.00      0.70      0.00      1.61
10:34:01         1.21      0.00      1.21      0.00     37.90
10:34:11         1.60      0.00      1.60      0.00      9.63
10:34:21         0.60      0.00      0.60      0.00      0.00
10:34:31         1.20      0.00      1.20      0.00     35.34
10:34:41         0.80      0.00      0.80      0.00      2.41
10:34:51         0.60      0.00      0.60      0.00      0.00
10:35:01         4.83      0.00      4.83      0.00     78.95
10:35:12         2.10      0.00      2.10      0.00     13.87
10:35:22         0.80      0.00      0.80      0.00      1.61
10:35:32         1.21      0.00      1.21      0.00     34.61
10:35:42         0.60      0.00      0.60      0.00      0.00
10:35:52         0.70      0.00      0.70      0.00      0.80
10:36:02         2.22      0.00      2.22      0.00     44.31
10:36:12         0.70      0.00      0.70      0.00      0.80
10:36:22         4.33      0.00      4.33      0.00     32.19
10:36:32         1.21      0.00      1.21      0.00     16.88
10:36:42         0.70      0.00      0.70      0.00     24.95
10:36:52         0.70      0.00      0.70      0.00      1.61
10:37:02         1.21      0.00      1.21      0.00     12.89
10:37:12         2.21      0.00      2.21      0.00     41.05
10:37:22         5.75      0.00      5.75      0.00     42.74

10:37:22          tps      rtps      wtps   bread/s   bwrtn/s
10:37:32         1.10      0.00      1.10      0.00     15.25
10:37:42         1.71      0.00      1.71      0.00     28.94
10:37:52         0.60      0.00      0.60      0.00      0.00
10:38:02         1.11      0.00      1.11      0.00      8.84
10:38:13         0.82      0.00      0.82      0.00     24.15
10:38:23         0.70      0.00      0.70      0.00      0.80
10:38:33         1.00      0.00      1.00      0.00     12.04
10:38:43         8.66      0.00      8.66      0.00     93.45
10:38:53         0.70      0.00      0.70      0.00      0.80
10:39:03         2.11      0.00      2.11      0.00     41.77
10:39:13         0.60      0.00      0.60      0.00      0.00
10:39:23         0.70      0.00      0.70      0.00      0.80
10:39:33         1.20      0.00      1.20      0.00     33.73
10:39:43         0.70      0.00      0.70      0.00      1.61
10:39:53         0.70      0.00      0.70      0.00      0.80
10:40:03         1.11      0.00      1.11      0.00     13.67
10:40:13         1.61      0.00      1.61      0.00     33.00
10:40:23         0.70      0.00      0.70      0.00      0.80
10:40:33         1.01      0.00      1.01      0.00     10.46
10:40:43         4.33      0.00      4.33      0.00     58.75
10:40:53         0.70      0.00      0.70      0.00      0.80
10:41:03         1.11      0.00      1.11      0.00     12.10
10:41:13         1.51      0.00      1.51      0.00     31.36
10:41:24         1.00      0.00      1.00      0.00      2.19
10:41:34         4.02      0.00      4.02      0.00     40.16
10:41:44         0.70      0.00      0.70      0.00     24.97
10:41:54         0.60      0.00      0.60      0.00      0.00
10:42:04         5.63      0.00      5.63      0.00     61.91
10:42:14         1.11      0.00      1.11      0.00      4.03
10:42:24         0.80      0.00      0.80      0.00      1.61
10:42:34         2.31      0.00      2.31      0.00     49.05
10:42:44         0.60      0.00      0.60      0.00      0.00
10:42:54         0.60      0.00      0.60      0.00      0.00
10:43:04         1.20      0.00      1.20      0.00     35.34
10:43:14         5.83      0.00      5.83      0.00     45.03
10:43:24         0.70      0.00      0.70      0.00      0.80
10:43:34         6.32      0.00      6.32      0.00     81.85
10:43:44         0.70      0.00      0.70      0.00      0.81
10:43:54         0.60      0.00      0.60      0.00      0.00
10:44:04         1.31      0.00      1.31      0.00     38.63
10:44:14         1.61      0.00      1.61      0.00      9.64
10:44:24         0.70      0.00      0.70      0.00      0.81
10:44:35         0.91      0.00      0.91      0.00      8.04
10:44:45         0.91      0.00      0.91      0.00     29.78
10:44:55         0.91      0.00      0.91      0.00      3.22

10:44:55          tps      rtps      wtps   bread/s   bwrtn/s
10:45:05         6.82      0.00      6.82      0.00     62.59
10:45:15         0.81      0.00      0.81      0.00     24.97
10:45:25         0.70      0.00      0.70      0.00      0.80
10:45:35         1.11      0.00      1.11      0.00     10.46
10:45:45         0.70      0.00      0.70      0.00     24.97
10:45:55         4.62      0.00      4.62      0.00     46.59
10:46:05         1.11      0.00      1.11      0.00     13.67
10:46:15         0.70      0.00      0.70      0.00      0.81
10:46:25         1.11      0.00      1.11      0.00     28.17
10:46:35         1.91      0.00      1.91      0.00     20.90
10:46:45         5.12      0.00      5.12      0.00     44.98
10:46:55         0.70      0.00      0.70      0.00     24.97
10:47:05         1.71      0.00      1.71      0.00     22.54
10:47:15         3.52      2.41      1.11    334.47      4.02
10:47:25         1.01      0.00      1.01      0.00      4.02
10:47:36         0.73      0.00      0.73      0.00     10.98
10:47:46         5.32      0.00      5.32      0.00     64.99
10:47:56         0.91      0.00      0.91      0.00      3.22
10:48:06         2.01      0.00      2.01      0.00     19.28
10:48:16         0.80      0.00      0.80      0.00     28.94
10:48:26         0.91      0.00      0.91      0.00      3.22
10:48:36         7.34      0.00      7.34      0.00     76.46
10:48:46         0.70      0.00      0.70      0.00      0.80
10:48:56         0.90      0.00      0.90      0.00      3.21
10:49:07         1.91      0.00      1.91      0.00     42.57
10:49:17         5.64      0.00      5.64      0.00     42.70
10:49:27         0.90      0.00      0.90      0.00      3.22
10:49:37         1.01      0.00      1.01      0.00     34.68
10:49:47         0.70      0.00      0.70      0.00      0.80
10:49:57         1.01      0.00      1.01      0.00      4.02
10:50:07         1.71      0.00      1.71      0.00     41.81
10:50:17         0.70      0.00      0.70      0.00      0.80
10:50:27         0.91      0.00      0.91      0.00      3.22
10:50:37        12.55     11.65      0.90   1261.04      9.64
10:50:48         6.78      0.00      6.78      0.00     84.98
10:50:58         0.90      0.00      0.90      0.00      3.22
10:51:08         1.71      0.00      1.71      0.00     18.49
10:51:18         0.90      0.00      0.90      0.00     25.70
10:51:28         1.01      0.00      1.01      0.00      4.03
10:51:38         0.80      0.00      0.80      0.00      9.66
10:51:48         0.70      0.00      0.70      0.00     24.90
10:51:58         1.01      0.00      1.01      0.00      4.02
10:52:08         5.14      0.00      5.14      0.00     44.35
10:52:18         1.21      0.00      1.21      0.00     28.20
10:52:28         1.00      0.00      1.00      0.00      4.01

10:52:28          tps      rtps      wtps   bread/s   bwrtn/s
10:52:38         0.91      0.00      0.91      0.00     13.70
10:52:48         0.70      0.00      0.70      0.00      1.61
10:52:58         1.01      0.00      1.01      0.00     30.55
10:53:08         1.91      0.00      1.91      0.00     19.34
10:53:18         0.70      0.00      0.70      0.00      0.80
10:53:28         1.01      0.00      1.01      0.00     28.20
10:53:38         8.30      0.00      8.30      0.00     73.60
10:53:49         0.73      0.00      0.73      0.00      1.46
10:53:59         1.51      0.00      1.51      0.00     31.39
10:54:09         1.51      0.00      1.51      0.00     27.36
10:54:19         0.60      0.00      0.60      0.00      0.00
10:54:29         6.34      0.00      6.34      0.00     64.39
10:54:39         0.80      0.00      0.80      0.00      9.66
10:54:49         0.60      0.00      0.60      0.00      0.00
10:54:59         4.42      0.00      4.42      0.00     49.00
10:55:09         0.80      0.00      0.80      0.00     10.45
10:55:19         0.60      0.00      0.60      0.00      0.00
10:55:29         1.11      0.00      1.11      0.00     28.97
10:55:39         1.81      0.00      1.81      0.00     17.71
10:55:49         3.42      0.00      3.42      0.00     23.34
10:55:59         1.00      0.00      1.00      0.00     28.11
10:56:09         5.14      0.00      5.14      0.00     52.37
10:56:19         0.70      0.00      0.70      0.00      0.81
10:56:29         0.90      0.00      0.90      0.00      3.21
10:56:40         1.19      0.00      1.19      0.00     32.18
10:56:50         4.23      0.00      4.23      0.00     37.83
10:57:00         0.90      0.00      0.90      0.00      3.22
10:57:10         2.01      0.00      2.01      0.00     34.50
10:57:20         0.60      0.00      0.60      0.00      0.00
10:57:30         1.01      0.00      1.01      0.00      4.02
10:57:40         0.90      0.00      0.90      0.00     36.76
10:57:50         0.80      0.00      0.80      0.00      2.41
10:58:00         4.42      0.00      4.42      0.00     33.73
10:58:10         1.91      0.00      1.91      0.00     18.53
10:58:20         0.80      0.00      0.80      0.00     28.94
10:58:30         0.90      0.00      0.90      0.00      3.22
10:58:40         1.01      0.00      1.01      0.00      9.70
10:58:50         5.83      0.00      5.83      0.00     69.15
10:59:00         1.01      0.00      1.01      0.00      4.02
10:59:10         1.61      0.00      1.61      0.00     18.51
10:59:20         4.42      0.00      4.42      0.00     57.09
10:59:30         1.01      0.00      1.01      0.00      4.02
10:59:40         0.80      0.00      0.80      0.00      8.84
10:59:50         0.70      0.00      0.70      0.00     24.87
11:00:00         1.01      0.00      1.01      0.00      4.02

11:00:00          tps      rtps      wtps   bread/s   bwrtn/s
11:00:11         3.29      1.55      1.74    159.41     28.52
11:00:21         0.70      0.00      0.70      0.00     27.36
11:00:31         1.51      0.60      0.90     19.30      3.22
11:00:41        36.92     28.57      8.35    943.26     83.70
11:00:51       292.22    291.52      0.71  11018.99     24.24
11:01:01       123.77    122.66      1.11   4982.07      4.83
11:01:11         7.05      4.83      2.22    154.68     16.92
11:01:21        24.12     23.32      0.80    845.83     26.53
11:01:31        51.21     50.30      0.91   1890.91      3.23
11:01:41        49.05     42.24      6.81   1454.25     75.28
11:01:51        66.87     66.26      0.61   2398.38      0.00
11:02:01        47.94     47.04      0.90   1775.28      3.22
11:02:11        55.75     54.33      1.41   2203.23     36.29
11:02:21        38.48     37.68      0.81   1454.55      1.62
11:02:32        46.20     45.29      0.91   1721.50      3.66
11:02:42        41.35     39.54      1.81   1600.00     45.88
11:02:52        36.90     36.19      0.71   1474.19      0.81
11:03:02        36.56     35.65      0.91   1398.59      3.22
11:03:12        52.77     51.76      1.01   2101.11     34.64
11:03:22        34.64     34.04      0.60   1314.80      0.00
11:03:32        28.14     19.30      8.84    781.51     86.83
11:03:42        43.79     42.89      0.91   1695.26      9.69
11:03:52        61.55     60.95      0.61   2347.53      0.00
11:04:02        44.01     42.90      1.11   1688.62     29.81
11:04:12        37.51     35.69      1.82   1362.18     17.80
11:04:22        32.69     32.09      0.61   1259.92      0.00
11:04:32        28.73     27.82      0.91   1038.71      3.23
11:04:43        20.04     14.43      5.61    600.00     74.26
11:04:53        12.34     11.73      0.61    478.87      0.00
11:05:03        22.10     21.09      1.01    865.39      4.04
11:05:13         3.94      1.62      2.32     58.18     46.87
11:05:23         2.73      2.02      0.71     71.26      0.81
11:05:33        17.76     16.85      0.91    636.13      4.04
11:05:43         1.71      0.81      0.91     35.48     34.68
11:05:53         5.48      1.12      4.36     38.95     42.19
11:06:03        10.49      9.59      0.91    364.88      3.23
11:06:14         1.48      0.65      0.83     20.66      7.38
11:06:24        33.87     29.33      4.54   1251.61     56.45
11:06:34         0.91      0.10      0.81      3.23      2.42
11:06:44         2.02      0.30      1.71      9.68     20.97
11:06:54         0.90      0.30      0.60     12.79      0.00
11:07:04         1.50      0.40      1.10     16.00     28.80
11:07:14         2.20      0.80      1.40     25.60     12.00
11:07:24         6.29      0.40      5.89     12.79     46.35
11:07:34         1.40      0.30      1.10      9.61     28.03

11:07:34          tps      rtps      wtps   bread/s   bwrtn/s
11:07:44         2.20      0.40      1.80     12.79     23.18
11:07:54         7.60      6.80      0.80    259.20     20.80
11:08:04         5.40      4.50      0.90    179.20      3.20
11:08:14         0.90      0.10      0.80      3.20      7.20
11:08:24         1.10      0.30      0.80      9.60     24.80
11:08:34         1.60      0.60      1.00     19.20      4.80
11:08:44         6.60      0.00      6.60      0.00     59.20
11:08:54         0.80      0.10      0.70      3.20     24.00
11:09:04         1.10      0.10      1.00      3.20      4.00
11:09:14         1.00      0.10      0.90      3.20     11.20
11:09:24         4.40      0.00      4.40      0.00     56.80
11:09:34         0.80      0.00      0.80      0.00      2.40
11:09:44         5.01      0.00      5.01      0.00     62.53
11:09:54         0.60      0.00      0.60      0.00      0.00
11:10:04        10.00      9.00      1.00    345.60      4.00
11:10:14         6.80      5.50      1.30    259.20     33.60
11:10:24         9.11      8.41      0.70    365.17      0.80
11:10:34         0.90      0.10      0.80      3.20      2.40
11:10:44         2.40      0.00      2.40      0.00     46.40
11:10:54         4.19      0.00      4.19      0.00     30.34
11:11:04         0.90      0.00      0.90      0.00      3.20
11:11:14         1.00      0.00      1.00      0.00     33.60
11:11:24         0.80      0.00      0.80      0.00      1.60
11:11:34         0.90      0.00      0.90      0.00      4.00
11:11:44         1.70      0.00      1.70      0.00     43.24
11:11:54         0.70      0.00      0.70      0.00      0.80
11:12:04         4.80      0.00      4.80      0.00     51.25
11:12:14         1.30      0.00      1.30      0.00     13.57
11:12:24         0.70      0.00      0.70      0.00      0.80
11:12:34         1.40      0.00      1.40      0.00     31.23
11:12:44         0.80      0.00      0.80      0.00     11.99
11:12:54         0.60      0.00      0.60      0.00      0.00
11:13:04         1.00      0.00      1.00      0.00     28.03
11:13:14         6.24      0.00      6.24      0.00     53.92
11:13:24         1.61      0.00      1.61      0.00      8.84
11:13:34         0.90      0.00      0.90      0.00     26.51
11:13:44         1.11      0.00      1.11      0.00     15.28
11:13:54         5.83      0.00      5.83      0.00     46.63
11:14:04         1.01      0.00      1.01      0.00     27.39
11:14:14         0.80      0.00      0.80      0.00      8.02
11:14:24         1.81      0.00      1.81      0.00     10.45
11:14:34         0.90      0.00      0.90      0.00      3.21
11:14:44         5.73      0.00      5.73      0.00     70.82
11:14:54         0.90      0.00      0.90      0.00     10.45
11:15:04         1.00      0.00      1.00      0.00      4.01

11:15:04          tps      rtps      wtps   bread/s   bwrtn/s
11:15:14         0.80      0.00      0.80      0.00     25.70
11:15:25         2.01      0.00      2.01      0.00     19.76
11:15:35         0.90      0.00      0.90      0.00      3.21
11:15:45         0.91      0.00      0.91      0.00     30.65
11:15:55         0.60      0.00      0.60      0.00      0.00
11:16:05         1.11      0.00      1.11      0.00      5.63
11:16:15         1.91      0.00      1.91      0.00     46.63
11:16:25         0.70      0.00      0.70      0.00      0.80
11:16:35         6.12      0.00      6.12      0.00     55.42
11:16:45         1.00      0.00      1.00      0.00     35.34
11:16:55         0.60      0.00      0.60      0.00      0.00
11:17:05         0.90      0.00      0.90      0.00      3.22
11:17:15         1.51      0.00      1.51      0.00     17.71
11:17:25         1.81      0.00      1.81      0.00     36.14
11:17:35         4.61      0.00      4.61      0.00     47.34
11:17:45         0.80      0.00      0.80      0.00     10.45
11:17:55         0.60      0.00      0.60      0.00      0.00
11:18:05         1.11      0.00      1.11      0.00     28.17
11:18:15         0.90      0.00      0.90      0.00      8.04
11:18:25         6.73      0.00      6.73      0.00     64.26
11:18:35         0.81      0.00      0.81      0.00      2.42
11:18:45         0.90      0.00      0.90      0.00     12.06
11:18:56         0.73      0.00      0.73      0.00     24.11
11:19:06         1.01      0.00      1.01      0.00      4.82
11:19:16         8.05      0.00      8.05      0.00     71.63
11:19:26         1.10      0.00      1.10      0.00     28.08
11:19:36         0.60      0.00      0.60      0.00      0.00
11:19:46         0.90      0.00      0.90      0.00     10.44
11:19:56         1.01      0.00      1.01      0.00     27.34
11:20:06         0.80      0.00      0.80      0.00      1.61
11:20:16         1.81      0.00      1.81      0.00     18.49
11:20:26         0.80      0.00      0.80      0.00     25.70
11:20:36         0.80      0.00      0.80      0.00      2.41
11:20:46         4.62      0.00      4.62      0.00     51.41
11:20:56         0.80      0.00      0.80      0.00      2.41
11:21:06         0.70      0.00      0.70      0.00      0.80
11:21:16         1.20      0.00      1.20      0.00     37.68
11:21:26         1.51      0.00      1.51      0.00      9.65
11:21:36         1.01      0.00      1.01      0.00     20.10
11:21:46         1.11      0.00      1.11      0.00     18.49
11:21:56         0.80      0.00      0.80      0.00      2.41
11:22:06         0.70      0.00      0.70      0.00      0.80
11:22:16         6.13      0.00      6.13      0.00     85.23
11:22:26         1.00      0.00      1.00      0.00      4.02
11:22:37         0.55      0.00      0.55      0.00      0.00

11:22:37          tps      rtps      wtps   bread/s   bwrtn/s
11:22:47         1.00      0.00      1.00      0.00     36.95
11:22:57         1.01      0.00      1.01      0.00      4.02
11:23:07         5.62      0.00      5.62      0.00     41.73
11:23:17         1.61      0.00      1.61      0.00     37.83
11:23:27         1.01      0.00      1.01      0.00      4.82
11:23:37         5.73      0.00      5.73      0.00     57.95
11:23:47         0.90      0.00      0.90      0.00     14.44
11:23:57         2.21      0.00      2.21      0.00     30.58
11:24:07         0.60      0.00      0.60      0.00      0.00
11:24:17         0.80      0.00      0.80      0.00      5.61
11:24:27         1.21      0.00      1.21      0.00     28.14
11:24:37         0.70      0.00      0.70      0.00      1.60
11:24:47         4.64      0.00      4.64      0.00     54.89
11:24:57         1.00      0.00      1.00      0.00      4.01
11:25:07         0.60      0.00      0.60      0.00      0.00
11:25:17         1.91      0.00      1.91      0.00     44.98
11:25:27         0.90      0.00      0.90      0.00      3.22
11:25:37         0.60      0.00      0.60      0.00      0.00
11:25:47         0.91      0.00      0.91      0.00     33.00
11:25:57         1.01      0.00      1.01      0.00      4.02
11:26:08         0.64      0.00      0.64      0.00      1.46
11:26:18         1.71      0.00      1.71      0.00     20.90
11:26:28         1.11      0.00      1.11      0.00     31.39
11:26:38         4.22      0.00      4.22      0.00     30.52
11:26:48         0.90      0.00      0.90      0.00      7.23
11:26:58         1.01      0.00      1.01      0.00     28.20
11:27:08         0.70      0.00      0.70      0.00      0.80
11:27:18         1.31      0.00      1.31      0.00     13.65
11:27:28         1.71      0.00      1.71      0.00     35.41
11:27:38         0.70      0.00      0.70      0.00      1.61
11:27:48         4.52      0.00      4.52      0.00     56.22
11:27:58         0.90      0.00      0.90      0.00      3.21
11:28:08         0.60      0.00      0.60      0.00      0.00
11:28:18         2.11      0.00      2.11      0.00     48.19
11:28:28         0.91      0.00      0.91      0.00      3.22
11:28:38         6.12      0.00      6.12      0.00     47.39
11:28:48         1.21      0.00      1.21      0.00     37.83
11:28:58         0.90      0.00      0.90      0.00      3.21
11:29:08         0.60      0.00      0.60      0.00      0.00
11:29:18         1.61      0.00      1.61      0.00     39.36
11:29:29         4.12      0.00      4.12      0.00     31.53
11:29:39         0.70      0.00      0.70      0.00      1.60
11:29:49         0.91      0.00      0.91      0.00     33.80
11:29:59         1.10      0.00      1.10      0.00      4.82
11:30:09         0.60      0.00      0.60      0.00      0.00

11:30:09          tps      rtps      wtps   bread/s   bwrtn/s
11:30:19         1.81      0.00      1.81      0.00     41.89
11:30:29         0.90      0.00      0.90      0.00      3.22
11:30:39         0.70      0.00      0.70      0.00      0.81
11:30:49         5.82      0.00      5.82      0.00     73.09
11:30:59         0.91      0.00      0.91      0.00      3.22
11:31:09         0.70      0.00      0.70      0.00      1.61
11:31:19         1.91      0.00      1.91      0.00     22.51
11:31:29         1.01      0.00      1.01      0.00     28.17
11:31:39         4.63      0.00      4.63      0.00     33.84
11:31:49         1.01      0.00      1.01      0.00     10.47
11:31:59         1.00      0.00      1.00      0.00     27.31
11:32:09         1.11      0.00      1.11      0.00      4.02
11:32:19         5.34      0.00      5.34      0.00     54.03
11:32:30         1.28      0.00      1.28      0.00     28.52
11:32:40         0.60      0.00      0.60      0.00      0.00
11:32:50         0.80      0.00      0.80      0.00     10.45
11:33:00         1.11      0.00      1.11      0.00     29.78
11:33:10         0.70      0.00      0.70      0.00      1.61
11:33:20         6.63      0.00      6.63      0.00     70.75
11:33:30         0.90      0.00      0.90      0.00      3.22
11:33:40         0.60      0.00      0.60      0.00      0.00
11:33:50         6.34      0.00      6.34      0.00     85.31
11:34:00         0.90      0.00      0.90      0.00      3.21
11:34:10         0.70      0.00      0.70      0.00      0.80
11:34:20         1.01      0.00      1.01      0.00     29.81
11:34:30         0.90      0.00      0.90      0.00      3.21
11:34:40         0.60      0.00      0.60      0.00      0.00
11:34:50         1.81      0.00      1.81      0.00     42.70
11:35:00         1.11      0.00      1.11      0.00      4.83
11:35:10         4.12      0.00      4.12      0.00     31.36
11:35:20         0.90      0.00      0.90      0.00     10.41
11:35:30         1.01      0.00      1.01      0.00     31.42
11:35:41         0.64      0.00      0.64      0.00      0.73
11:35:51         1.51      0.00      1.51      0.00     13.65
11:36:01         1.01      0.00      1.01      0.00     30.61
11:36:11         0.91      0.00      0.91      0.00      3.22
11:36:21         0.80      0.00      0.80      0.00     11.23
11:36:31         1.00      0.00      1.00      0.00     28.11
11:36:41         5.94      0.00      5.94      0.00     44.31
11:36:51         1.71      0.00      1.71      0.00     18.51
11:37:01         4.02      0.00      4.02      0.00     53.07
11:37:11         1.11      0.00      1.11      0.00      4.02
11:37:21         0.80      0.00      0.80      0.00     11.27
11:37:31         6.64      0.00      6.64      0.00     77.26
11:37:41         0.60      0.00      0.60      0.00      0.00

11:37:41          tps      rtps      wtps   bread/s   bwrtn/s
11:37:51         0.80      0.00      0.80      0.00     12.07
11:38:01         0.90      0.00      0.90      0.00      3.22
11:38:11         0.91      0.00      0.91      0.00     26.56
11:38:21         1.71      0.00      1.71      0.00     17.67
11:38:32         5.58      0.00      5.58      0.00     43.88
11:38:42         0.91      0.00      0.91      0.00     25.78
11:38:52         1.81      0.00      1.81      0.00     32.23
11:39:02         0.90      0.00      0.90      0.00      3.22
11:39:12         0.60      0.00      0.60      0.00      0.00
11:39:22         0.91      0.00      0.91      0.00     32.23
11:39:32         4.52      0.00      4.52      0.00     34.57
11:39:42         0.70      0.00      0.70      0.00      1.61
11:39:52         1.61      0.00      1.61      0.00     16.88
11:40:02         1.21      0.00      1.21      0.00     32.16
11:40:12         0.90      0.00      0.90      0.00     14.46
11:40:22         0.80      0.00      0.80      0.00      8.85
11:40:32         0.91      0.00      0.91      0.00      3.22
11:40:42         0.60      0.00      0.60      0.00      0.00
11:40:52         1.61      0.00      1.61      0.00     41.94
11:41:02         4.51      0.00      4.51      0.00     33.70
11:41:12         0.80      0.00      0.80      0.00      2.41
11:41:22         1.11      0.00      1.11      0.00     38.63
11:41:33         0.73      0.00      0.73      0.00      2.19
11:41:43         0.60      0.00      0.60      0.00      0.00
11:41:53         6.75      0.00      6.75      0.00     84.59
Average:         4.27      1.40      2.87     74.15    230.13
