vnsk@gke-cluster1-pool1-xxxxxxxx-7hrz ~ $ sar -f /mnt/stateful_partition/sysstat/sa30 -q 10
Linux 4.14.138+ (gke-cluster1-pool1-xxxxxxxx-7hrz) 	05/30/20 	_x86_64_	(1 CPU)

08:50:40      runq-sz  plist-sz   ldavg-1   ldavg-5  ldavg-15   blocked
08:50:50            0       519      1.06      1.03      1.05         0
09:00:01            0       516      1.50      1.14      1.05         0
09:00:02            0       516      1.50      1.14      1.05         0
09:00:12            0       518      1.42      1.13      1.05         0
09:00:22            0       518      1.35      1.13      1.05         0
09:00:32            0       519      1.52      1.17      1.06         0
09:00:42            0       519      1.52      1.18      1.07         0
09:00:52            0       519      1.44      1.18      1.07         0
09:01:02            0       518      1.37      1.17      1.07         0
09:01:12            1       518      1.31      1.16      1.07         0
09:01:22            0       518      1.35      1.18      1.07         0
09:01:32            0       519      1.29      1.17      1.07         0
09:01:42            0       519      1.25      1.16      1.07         0
09:01:52            0       519      1.29      1.17      1.07         0
09:02:02            0       518      1.40      1.20      1.08         0
09:02:12            0       518      1.34      1.20      1.08         0
09:02:22            0       518      1.29      1.19      1.08         0
09:02:32            0       519      1.24      1.18      1.08         0
09:02:42            0       519      1.53      1.24      1.10         0
09:02:52            0       521      1.45      1.23      1.10         0
09:03:02            0       518      1.38      1.23      1.10         0
09:03:12            0       518      1.32      1.22      1.10         0
09:03:23            0       518      1.75      1.31      1.13         0
09:03:33            0       519      1.63      1.30      1.12         0
09:03:43            0       519      1.54      1.29      1.12         0
09:03:53            0       519      1.45      1.28      1.12         0
09:04:03            0       518      1.86      1.37      1.15         0
09:04:13            0       518      1.73      1.36      1.15         0
09:04:23            0       518      1.62      1.34      1.15         0
09:04:33            0       519      1.52      1.33      1.15         0
09:04:43            0       519      1.92      1.42      1.18         0
09:04:53            0       519      1.78      1.41      1.17         0
09:05:03            0       518      1.66      1.39      1.17         0
09:05:13            0       516      1.56      1.38      1.17         0
09:05:23            0       575      2.11      1.50      1.21        12
09:05:33            1       577      4.83      2.10      1.41        18
09:05:43            0       578      7.09      2.67      1.60        14
09:05:53            9       576      8.22      3.06      1.74        22
09:06:03           23       575     10.72      3.77      1.99         0
09:06:13           16       575     12.46      4.37      2.20         0
09:06:23           31       576     14.34      5.03      2.44         0
09:06:33           29       576     15.36      5.56      2.64         1
09:06:43           21       576     15.69      5.95      2.80         0
09:06:53           11       576     16.08      6.35      2.96         0
09:07:03           25       575     16.11      6.67      3.10         0

09:07:03      runq-sz  plist-sz   ldavg-1   ldavg-5  ldavg-15   blocked
09:07:13           12       575     16.79      7.13      3.29         0
09:07:23           19       576     17.53      7.60      3.49         0
09:07:33           27       577     18.10      8.04      3.67         0
09:07:43           29       584     18.17      8.39      3.83         0
09:07:53           16       577     19.06      8.90      4.05         0
09:08:03           35       576     18.91      9.20      4.20         0
09:08:13           10       586     19.57      9.67      4.41         0
09:08:23            0       576     20.08     10.11      4.61         0
09:08:33            4       577     17.15      9.81      4.57         0
09:08:44            0       576     15.06      9.60      4.56         0
09:08:45            0       576     14.18      9.51      4.55         0
09:08:55            0       576     12.15      9.23      4.51         0
09:09:05            0       575     10.44      8.96      4.48         0
09:09:15            0       575      8.98      8.70      4.44         0
09:09:25            0       575      7.90      8.47      4.41         0
09:09:35            0       576      6.84      8.23      4.37         0
09:09:45            0       576      5.94      7.99      4.34         0
09:09:55            0       576      5.18      7.76      4.30         0
09:10:05            0       575      4.76      7.59      4.28         0
09:10:15            0       575      4.18      7.37      4.25         0
09:10:25            0       575      3.69      7.16      4.21         0
09:10:35            0       576      3.28      6.95      4.18         0
09:10:45            0       576      3.15      6.81      4.16         0
09:10:55            0       576      2.82      6.62      4.12         0
09:11:05            0       575      2.54      6.43      4.09         0
09:11:15            0       575      2.30      6.25      4.06         0
09:11:25            0       575      2.17      6.09      4.03         0
09:11:35            0       576      1.99      5.93      3.99         0
09:11:45            0       576      1.84      5.76      3.96         0
09:11:55            0       576      1.71      5.61      3.93         0
09:12:05            4       575      1.82      5.50      3.91         0
09:12:15            0       575      1.70      5.35      3.88         0
09:12:25            0       575      1.59      5.21      3.85         0
09:12:35            0       576      1.50      5.07      3.82         0
09:12:46            0       576      1.42      4.94      3.79         0
09:12:56            4       576      1.36      4.81      3.76         0
09:13:06            0       575      1.30      4.68      3.73         0
09:13:16            0       581      1.25      4.56      3.70         0
09:13:26            0       575      1.21      4.44      3.67         0
09:13:36            0       576      1.18      4.33      3.64         0
09:13:46            0       576      1.15      4.22      3.61         0
09:13:56            5       576      1.13      4.11      3.58         0
09:14:06            0       575      1.11      4.01      3.56         0
09:14:16            0       575      1.09      3.91      3.53         0
09:14:26            0       573      1.08      3.81      3.50         0

09:14:26      runq-sz  plist-sz   ldavg-1   ldavg-5  ldavg-15   blocked
09:14:36            0       479      1.06      3.72      3.47         0
09:14:46            0       479      1.05      3.63      3.45         0
09:14:56            0       455      1.05      3.54      3.42         0
09:15:06            0       454      1.04      3.46      3.39         0
09:15:16            1       517      1.55      3.49      3.40         0
09:15:26            0       517      1.47      3.41      3.38         0
09:15:36            2       518      1.40      3.33      3.35         0
09:15:37            0       518      1.40      3.33      3.35         0
09:15:47            0       518      1.42      3.27      3.33         0
09:15:57            0       518      1.35      3.19      3.31         0
09:16:07            0       517      1.30      3.12      3.28         0
09:16:17            0       517      1.25      3.05      3.26         0
09:16:27            0       517      1.21      2.98      3.23         0
09:16:37            0       518      1.18      2.92      3.21         0
09:16:47            0       520      1.15      2.85      3.18         0
09:16:57            0       520      1.13      2.79      3.16         0
09:17:07            0       520      1.11      2.73      3.14         0
09:17:17            0       520      1.09      2.68      3.11         0
09:17:27            0       520      1.16      2.64      3.09         0
09:17:37            0       521      1.13      2.58      3.07         0
09:17:47            0       521      1.11      2.53      3.05         0
09:17:57            0       521      1.09      2.48      3.03         0
09:18:07            0       520      1.08      2.43      3.00         0
09:18:17            0       521      1.07      2.38      2.98         0
09:18:27            0       521      1.06      2.34      2.96         0
09:18:37            0       522      1.05      2.29      2.94         0
09:18:47            0       522      1.04      2.25      2.92         0
09:18:57            0       522      1.03      2.21      2.90         0
09:19:07            0       521      1.03      2.17      2.88         0
09:19:17            0       521      1.02      2.13      2.85         0
09:19:27            0       521      1.02      2.09      2.83         0
09:19:38            0       522      1.02      2.05      2.81         0
09:19:48            0       522      1.01      2.02      2.79         0
09:19:58            0       522      1.01      1.98      2.77         0
09:20:08            4       527      1.01      1.95      2.76         0
09:20:18            0       517      1.01      1.92      2.74         0
09:20:28            1       517      1.00      1.89      2.72         0
09:20:38            0       518      1.32      1.93      2.72         0
09:20:48            5       523      1.27      1.90      2.70         0
09:20:58            0       518      1.23      1.87      2.68         0
09:21:08            0       517      1.20      1.84      2.66         0
09:21:18            0       517      1.16      1.81      2.65         0
09:21:28            3       523      1.14      1.78      2.63         0
09:21:38            0       518      1.12      1.76      2.61         0
09:21:48            0       518      1.10      1.73      2.59         0

09:21:48      runq-sz  plist-sz   ldavg-1   ldavg-5  ldavg-15   blocked
09:21:58            0       518      1.08      1.71      2.57         0
09:22:08            1       518      1.15      1.70      2.56         0
09:22:18            0       517      1.13      1.68      2.54         0
09:22:28            0       517      1.11      1.65      2.53         0
09:22:38            0       518      1.09      1.63      2.51         0
09:22:48            5       523      1.08      1.61      2.50         0
09:22:58            0       518      1.06      1.59      2.48         0
09:23:08            0       517      1.05      1.57      2.46         0
09:23:09            0       517      1.05      1.57      2.46         0
09:23:19            0       517      1.04      1.55      2.45         0
09:23:29            0       517      1.04      1.53      2.43         0
09:23:39            0       518      1.03      1.51      2.41         0
09:23:49            0       518      1.11      1.51      2.40         0
09:23:59            0       518      1.09      1.50      2.39         0
09:24:09            0       517      1.24      1.51      2.38         0
09:24:19            0       517      1.20      1.49      2.37         0
09:24:29            0       517      1.17      1.48      2.35         0
09:24:39            0       518      1.14      1.46      2.34         0
09:24:49            0       518      1.12      1.45      2.32         0
09:24:59            0       518      1.10      1.43      2.31         0
09:25:09            2       517      1.08      1.42      2.29         0
09:25:19            0       517      1.07      1.40      2.28         0
09:25:29            0       517      1.06      1.39      2.27         0
09:25:39            0       518      1.05      1.38      2.25         0
09:25:49            0       518      1.04      1.36      2.24         0
09:25:59            0       518      1.04      1.35      2.22         0
09:26:09            0       517      1.11      1.36      2.22         0
09:26:19            0       517      1.09      1.34      2.20         0
09:26:29            0       517      1.08      1.33      2.19         0
09:26:39            0       518      1.07      1.32      2.18         0
09:26:40            3       525      1.06      1.31      2.17         0
09:26:50            0       518      1.05      1.30      2.16         0
09:27:00            0       518      1.04      1.29      2.14         0
09:27:10            0       517      1.04      1.28      2.13         0
09:27:20            8       525      1.03      1.27      2.12         0
09:27:30            0       518      1.02      1.26      2.11         0
09:27:40            0       519      1.02      1.25      2.09         0
09:27:50            0       519      1.02      1.25      2.08         0
09:28:00            3       522      1.01      1.24      2.07         0
09:28:10            0       518      1.01      1.23      2.06         0
09:28:20            0       518      1.01      1.22      2.05         0
09:28:30            0       518      1.33      1.28      2.06         0
09:28:40            2       527      1.35      1.29      2.05         0
09:28:50            0       519      1.30      1.28      2.04         0
09:29:00            0       519      1.40      1.30      2.04         0

09:29:00      runq-sz  plist-sz   ldavg-1   ldavg-5  ldavg-15   blocked
09:29:10            0       518      1.34      1.29      2.03         0
09:29:20            9       522      1.28      1.28      2.01         0
09:29:30            0       518      1.54      1.34      2.02         0
09:29:40            0       519      1.45      1.33      2.01         0
09:29:50            0       519      1.38      1.31      2.00         0
09:30:00            4       525      1.32      1.30      1.99         0
09:30:10            0       518      1.27      1.29      1.98         0
09:30:20            0       518      1.23      1.28      1.97         0
09:30:31            0       518      1.19      1.27      1.96         0
09:30:41            0       519      1.16      1.26      1.95         0
09:30:51            0       519      1.14      1.25      1.94         0
09:31:01            0       519      1.20      1.26      1.93         0
09:31:11            0       518      1.17      1.25      1.92         0
09:31:21            0       518      1.14      1.25      1.91         0
09:31:31            0       518      1.12      1.24      1.90         0
09:31:41            0       519      1.10      1.23      1.89         0
09:31:51            0       519      1.24      1.25      1.89         0
09:32:01            0       519      1.21      1.25      1.88         0
09:32:11            0       518      1.17      1.24      1.87         0
09:32:21            0       518      1.23      1.25      1.87         0
09:32:31            0       518      1.19      1.24      1.86         0
09:32:41            0       519      1.16      1.23      1.85         0
09:32:51            0       519      1.14      1.22      1.84         0
09:33:01            0       519      1.12      1.21      1.83         0
09:33:11            0       532      1.17      1.22      1.82         0
09:33:21            0       533      1.30      1.25      1.83         1
09:33:31            0       533      1.33      1.26      1.82         0
09:33:41            0       534      1.28      1.25      1.81         0
09:33:52            4       540      1.23      1.24      1.80         0
09:34:02            0       533      1.20      1.23      1.80         0
09:34:12           19       533      1.25      1.24      1.79         0
09:34:22            0       532      1.29      1.25      1.79         0
09:34:32            0       533      1.24      1.24      1.78         1
09:34:42            0       533      1.21      1.23      1.77         0
09:34:52           10       533      1.17      1.22      1.76         0
09:35:02           17       532      1.15      1.22      1.75         0
09:35:12            0       532      1.12      1.21      1.75         0
09:35:22            0       532      1.10      1.20      1.74         0
09:35:32            2       533      1.09      1.19      1.73         0
09:35:42            2       533      1.07      1.19      1.72         0
09:35:52            1       534      1.14      1.20      1.72         0
09:36:02            2       532      1.19      1.21      1.72         0
09:36:13            1       532      1.23      1.22      1.71         0
09:36:23            1       532      1.20      1.21      1.71         0
09:36:33            0       533      1.54      1.28      1.73         0

09:36:33      runq-sz  plist-sz   ldavg-1   ldavg-5  ldavg-15   blocked
09:36:43            0       533      1.75      1.34      1.74         0
09:36:53            2       533      1.72      1.34      1.74         0
09:37:03            4       532      1.61      1.33      1.73         0
09:37:13            4       532      1.88      1.40      1.75         0
09:37:23            2       532      1.75      1.39      1.74         0
09:37:33           15       533      1.71      1.39      1.73         0
09:37:43            2       533      1.60      1.38      1.73         0
09:37:53            0       533      1.58      1.38      1.72         0
09:38:03            1       532      1.49      1.37      1.72         0
09:38:14            0       542      1.42      1.36      1.71         0
09:38:24            1       538      1.35      1.35      1.70         0
09:38:34            0       532      1.30      1.33      1.69         0
09:38:44            0       532      1.25      1.32      1.68         0
09:38:54            1       532      1.37      1.35      1.69         0
09:39:04           41       571      4.27      1.95      1.88         0
09:39:14           29       561      8.87      3.02      2.23         0
09:39:24           31       561     11.37      3.74      2.47         0
09:39:34           26       562     14.71      4.71      2.80         0
09:39:44           40       573     18.06      5.76      3.16         0
09:39:54           33       562     20.34      6.64      3.48         0
09:40:04           13       561     22.52      7.56      3.81         0
09:40:14           23       561     23.79      8.31      4.10         0
09:40:24           40       574     25.51      9.19      4.43         0
09:40:34           31       562     26.57      9.95      4.73         0
09:40:44           17       562     27.37     10.67      5.02         0
09:40:54           35       562     28.20     11.39      5.31         0
09:41:04           37       573     29.78     12.29      5.67         0
09:41:14           18       561     29.91     12.90      5.94         0
09:41:24           22       561     29.67     13.41      6.18         0
09:41:34           25       562     29.00     13.81      6.39         0
09:41:44           37       574     28.65     14.23      6.61         0
09:41:54           20       562     29.06     14.79      6.87         0
09:42:04           61       959     42.50     18.03      8.00         0
09:42:14          136       958     43.41     19.01      8.43         0
09:42:24          113       966     64.27     24.25     10.25         0
09:42:34          275       960     98.81     33.01     13.25         0
09:42:44          361       960    107.63     36.95     14.74         0
09:42:54          118       959    113.81     40.74     16.22         0
09:43:04           41       966    128.32     46.42     18.34         0
09:43:14          282       969    157.47     55.42     21.57         0
09:43:24          179       959    164.47     60.45     23.58         0
09:43:34          371       959    179.14     67.14     26.15         0
09:43:44          379       967    163.65     67.54     26.72         0
09:43:54          381       960    174.17     73.00     28.95         0
09:44:04          170       965    176.96     76.78     30.64         0

09:44:04      runq-sz  plist-sz   ldavg-1   ldavg-5  ldavg-15   blocked
09:44:14          268       958    186.85     82.15     32.88         0
09:44:24           63       966    195.21     87.21     35.04         0
09:44:34          403       960    212.17     94.28     37.89         0
09:44:44          212       960    203.99     96.48     39.22         0
09:44:54          182       959    186.54     96.29     39.77         0
09:45:04          171       966    166.31     94.93     39.94         0
09:45:14           18       958    149.99     93.77     40.15         0
09:45:24            0       958    127.67     90.85     39.77         0
09:45:34            2       960    108.20     87.89     39.35         0
09:45:44            0       959     91.72     85.03     38.94         0
09:45:54            0       959     77.77     82.26     38.54         0
09:46:04            0       958     65.97     79.58     38.13         0
09:46:14            0       958     55.98     76.99     37.73         0
09:46:24            0       958     47.60     74.51     37.35         0
09:46:34            1       959     40.43     72.09     36.96         0
09:46:44            0       959     34.37     69.75     36.57         0
09:46:54            0       959     29.24     67.48     36.19         0
09:47:04            0       958     24.90     65.29     35.81         0
09:47:14            0       530     21.22     63.18     35.44         0
09:47:25            1       530     17.04     60.20     34.91         0
09:47:35            0       531     14.57     58.25     34.54         0
09:47:45            0       531     12.48     56.36     34.18         0
09:47:55            0       531     10.72     54.54     33.83         0
09:48:05            0       530      9.22     52.77     33.48         0
09:48:15            1       535      7.96     51.07     33.13         0
09:48:25            0       530      6.89     49.42     32.78         0
09:48:35            1       538      5.98     47.82     32.44         0
09:48:45            0       569      5.22     46.28     32.10         0
09:48:55            0       569      4.57     44.79     31.77         0
09:49:05            0       568      4.02     43.35     31.44         0
09:49:15            0       568      3.55     41.95     31.11         0
09:49:25            0       568      3.16     40.60     30.79         0
09:49:35            0       567      2.83     39.30     30.47         0
09:49:45            0       501      2.55     38.04     30.15         0
09:49:55            0       479      2.31     36.82     29.84         0
09:50:05            1       456      2.11     35.64     29.53         0
09:50:15            1       515      2.02     34.51     29.23         1
09:50:25            0       517      1.93     33.43     28.93         0
09:50:36            0       518      1.79     32.36     28.63         0
09:50:46            0       518      1.89     31.37     28.35         0
09:50:56            0       518      1.75     30.37     28.06         0
09:51:06            0       517      1.64     29.40     27.77         0
09:51:16            0       517      1.54     28.47     27.48         0
09:51:26            0       517      1.45     27.56     27.20         0
09:51:36            1       518      1.38     26.69     26.92         0

09:51:36      runq-sz  plist-sz   ldavg-1   ldavg-5  ldavg-15   blocked
09:51:46            0       518      1.32     25.84     26.64         0
09:51:56            0       520      1.27     25.02     26.36         0
09:52:06            0       520      1.47     24.28     26.11         0
09:52:16            2       520      1.40     23.52     25.84         0
09:52:26            0       521      1.34     22.77     25.57         0
09:52:36            0       522      1.28     22.06     25.31         0
09:52:46            0       522      1.72     21.46     25.08         0
09:52:56            0       522      1.61     20.79     24.82         0
09:53:06            0       521      1.52     20.14     24.57         0
09:53:16            0       526      1.44     19.51     24.31         0
09:53:26            0       521      2.01     19.03     24.10         0
09:53:36            0       522      1.85     18.43     23.86         0
09:53:46            0       522      1.72     17.86     23.61         0
09:53:56            0       522      1.61     17.30     23.37         0
09:54:06            0       521      2.32     16.93     23.18         0
09:54:17            2       521      2.11     16.41     22.94         0
09:54:27            0       521      2.09     15.93     22.72         0
09:54:37            0       522      2.00     15.46     22.49         0
09:54:47            0       522      2.16     15.05     22.28         0
09:54:57            0       522      1.98     14.58     22.05         0
09:55:07            0       521      1.83     14.14     21.83         0
09:55:17            0       517      1.78     13.72     21.61         0
09:55:27            0       517      2.06     13.38     21.41         0
09:55:37            0       519      1.90     12.97     21.20         0
09:55:47            0       519      1.76     12.58     20.98         0
09:55:57            0       521      1.64     12.20     20.76         0
09:56:07            0       520      1.94     11.91     20.58         0
09:56:17            0       520      1.80     11.55     20.37         0
09:56:27            0       520      1.67     11.20     20.16         0
09:56:37            0       521      1.57     10.87     19.95         0
09:56:47            0       519      1.72     10.59     19.77         0
09:56:57            0       519      1.61     10.28     19.57         0
09:57:07            0       518      1.51      9.97     19.37         0
09:57:17            0       518      1.43      9.67     19.17         0
09:57:27            0       518      1.45      9.40     18.98         0
09:57:28            0       518      1.45      9.40     18.98         0
09:57:38            0       519      1.38      9.13     18.79         0
09:57:48            0       519      1.32      8.86     18.60         0
09:57:58            0       519      1.27      8.60     18.41         0
09:58:08            0       518      1.39      8.38     18.23         0
09:58:18            0       519      1.33      8.14     18.04         0
09:58:28            0       519      1.28      7.90     17.86         0
09:58:38            0       521      1.23      7.68     17.68         0
09:58:48            0       519      1.60      7.54     17.53         0
09:58:58            0       519      1.51      7.32     17.35         0

09:58:58      runq-sz  plist-sz   ldavg-1   ldavg-5  ldavg-15   blocked
09:59:08            0       518      1.43      7.11     17.18         0
09:59:18            0       518      1.36      6.91     17.00         0
09:59:28            0       518      1.47      6.75     16.84         0
09:59:38            0       519      1.39      6.56     16.67         0
09:59:48            0       519      1.33      6.38     16.50         0
09:59:58            0       519      1.28      6.20     16.34         0
10:00:08            0       521      1.32      6.05     16.18         0
10:00:18            0       521      1.27      5.88     16.01         0
10:00:28            0       521      1.23      5.72     15.85         0
10:00:38            0       522      1.19      5.56     15.69         0
10:00:48            0       522      1.40      5.46     15.55         0
10:00:59            0       522      1.34      5.31     15.39         0
10:01:09            0       521      1.29      5.17     15.24         0
10:01:19            0       521      1.24      5.03     15.09         0
10:01:29            0       521      1.61      4.98     14.96         0
10:01:39            0       522      1.51      4.85     14.81         0
10:01:49            0       522      1.43      4.72     14.66         0
10:01:59            0       522      1.37      4.60     14.52         0
10:02:09            0       521      1.31      4.48     14.37         0
10:02:19            0       521      1.26      4.37     14.23         0
10:02:29            0       521      1.22      4.26     14.08         0
10:02:39            0       522      1.19      4.15     13.94         0
10:02:49            0       522      1.16      4.04     13.81         0
10:02:59            0       522      1.13      3.94     13.67         0
10:03:09            0       521      1.11      3.85     13.53         0
10:03:19            0       521      1.09      3.75     13.40         0
10:03:29            0       521      1.08      3.66     13.26         0
10:03:39            0       522      1.07      3.57     13.13         0
10:03:49            0       523      1.13      3.50     13.01         0
10:03:59            0       524      1.11      3.42     12.88         0
10:04:09            0       523      1.09      3.34     12.75         0
10:04:20            0       523      1.07      3.23     12.56         0
10:04:30            0       523      1.06      3.15     12.44         0
10:04:40            3       524      1.05      3.08     12.31         0
10:04:50            0       524      1.34      3.08     12.21         0
10:05:00            0       524      1.36      3.02     12.10         0
10:05:10            0       523      1.30      2.96     11.98         0
10:05:20            0       520      1.26      2.89     11.86         0
10:05:30            0       520      1.22      2.83     11.74         0
10:05:40            0       521      1.18      2.77     11.63         0
10:05:50            0       519      1.15      2.71     11.51         0
10:06:00            0       519      1.13      2.65     11.40         0
10:06:10            0       518      1.11      2.60     11.29         0
10:06:20            0       518      1.25      2.58     11.19         0
10:06:30            1       518      2.94      2.90     11.20         0

10:06:30      runq-sz  plist-sz   ldavg-1   ldavg-5  ldavg-15   blocked
10:06:40            2       519      2.94      2.91     11.11         0
10:06:50            3       519      2.95      2.91     11.03         0
10:07:00            1       519      3.02      2.93     10.94         0
10:07:11            1       518      2.79      2.88     10.84         0
10:07:21            1       518      2.96      2.92     10.77         0
10:07:31            2       518      2.96      2.92     10.68         0
10:07:41            2       519      2.73      2.87     10.59         0
10:07:51            0       519      2.54      2.83     10.49         0
10:08:01            0       519      2.30      2.77     10.39         1
10:08:11            0       518      2.10      2.71     10.29         0
10:08:21            0       518      1.93      2.65     10.18         0
10:08:31            0       518      1.79      2.59     10.09         0
10:08:41            0       519      1.67      2.54      9.99         0
10:08:51            0       519      1.56      2.49      9.89         0
10:09:01            0       519      1.55      2.46      9.80         0
10:09:11            0       518      1.47      2.41      9.71         0
10:09:21            0       518      1.39      2.36      9.61         0
10:09:31            0       518      1.33      2.32      9.52         0
10:09:41            0       519      1.28      2.27      9.43         0
10:09:51            0       519      1.24      2.23      9.34         0
10:10:01            0       519      1.44      2.24      9.26         0
10:10:11            2       518      1.37      2.20      9.17         0
10:10:21            0       518      1.31      2.16      9.09         0
10:10:31            0       518      1.27      2.12      9.00         0
10:10:42            0       520      1.22      2.08      8.91         0
10:10:52            0       519      1.19      2.05      8.83         0
10:11:02            0       519      1.16      2.01      8.74         0
10:11:12            0       520      1.13      1.98      8.66         0
10:11:22            0       520      1.11      1.94      8.58         0
10:11:32            0       519      1.10      1.91      8.50         0
10:11:42            0       519      1.08      1.88      8.42         0
10:11:52            0       519      1.07      1.85      8.34         0
10:12:02            0       518      1.06      1.82      8.26         0
10:12:12            0       518      1.05      1.80      8.18         0
10:12:22            0       518      1.04      1.77      8.10         0
10:12:32            0       519      1.03      1.74      8.02         0
10:12:42            0       519      1.03      1.72      7.95         0
10:12:52            0       519      1.02      1.69      7.87         0
10:13:02            0       518      1.02      1.67      7.80         0
10:13:12            0       518      1.02      1.65      7.73         0
10:13:22            0       518      1.01      1.63      7.65         0
10:13:32            0       519      1.01      1.61      7.58         0
10:13:42            0       519      1.01      1.58      7.51         0
10:13:52            0       519      1.01      1.57      7.44         0
10:14:03            0       518      1.00      1.55      7.37         0

10:14:03      runq-sz  plist-sz   ldavg-1   ldavg-5  ldavg-15   blocked
10:14:13            0       518      1.00      1.53      7.30         0
10:14:23            0       518      1.00      1.51      7.23         0
10:14:33            0       519      1.00      1.49      7.17         0
10:14:43            0       519      1.00      1.48      7.10         0
10:14:53            0       519      1.00      1.46      7.03         0
10:15:03            0       518      1.00      1.44      6.97         0
10:15:13            0       518      1.00      1.43      6.90         0
10:15:23            0       518      1.00      1.41      6.84         0
10:15:33            0       519      1.00      1.40      6.78         0
10:15:43            0       519      1.00      1.39      6.72         0
10:15:53            0       516      1.00      1.37      6.65         0
10:16:03            0       478      1.00      1.36      6.59         0
10:16:13            0       478      1.00      1.35      6.53         0
10:16:23            0       454      1.40      1.42      6.50         0
10:16:33            0       455      1.34      1.41      6.44         0
10:16:43            3       493      1.45      1.43      6.39         0
10:16:53            0       518      1.52      1.44      6.34         0
10:17:04            0       517      1.44      1.43      6.29         0
10:17:14            0       517      1.37      1.41      6.23         0
10:17:24            0       517      1.32      1.40      6.17         0
10:17:34            0       518      1.27      1.39      6.12         0
10:17:44            0       518      1.23      1.37      6.06         0
10:17:54            0       518      1.19      1.36      6.01         0
10:18:04            0       517      1.16      1.35      5.95         0
10:18:14            0       529      1.14      1.34      5.90         0
10:18:24            0       521      1.27      1.36      5.86         0
10:18:34            0       522      1.30      1.36      5.81         0
10:18:44            0       522      1.40      1.38      5.77         0
10:18:54            0       522      1.49      1.40      5.73         0
10:19:04            0       521      1.63      1.44      5.69         0
10:19:14            0       521      1.77      1.47      5.66         0
10:19:24            0       521      1.73      1.47      5.61         0
10:19:34            0       522      1.98      1.54      5.59         0
10:19:44            0       522      2.13      1.59      5.56         0
10:19:54            0       522      2.25      1.63      5.53         0
10:20:04            0       521      2.35      1.68      5.51         0
10:20:15            4       527      2.51      1.74      5.49         0
10:20:25            4       527      2.57      1.78      5.46         0
10:20:35            2       528      2.33      1.75      5.41         0
10:20:45            5       527      2.13      1.73      5.36         0
10:20:55            5       527      1.95      1.70      5.31         0
10:21:05            4       527      1.81      1.68      5.27         0
10:21:15            1       522      1.90      1.71      5.24         0
10:21:25            1       522      1.76      1.68      5.19         0
10:21:35            1       523      1.94      1.72      5.17         0

10:21:35      runq-sz  plist-sz   ldavg-1   ldavg-5  ldavg-15   blocked
10:21:45            1       519      1.80      1.70      5.12         0
10:21:55            2       519      1.67      1.68      5.08         0
10:22:05            1       518      1.57      1.65      5.03         0
10:22:15            3       520      1.48      1.63      4.99         0
10:22:25            1       518      1.41      1.61      4.95         0
10:22:35            5       523      1.34      1.59      4.90         0
10:22:45            4       524      1.29      1.57      4.86         0
10:22:55            5       523      1.25      1.55      4.82         0
10:23:05            4       523      1.21      1.53      4.78         0
10:23:15            4       529      1.17      1.51      4.74         0
10:23:25            4       523      1.15      1.50      4.70         0
10:23:36            0       518      1.18      1.49      4.64         0
10:23:46            0       518      1.15      1.47      4.60         0
10:23:56            0       520      1.13      1.45      4.56         0
10:24:06            0       517      1.11      1.44      4.53         0
10:24:16            0       517      1.09      1.42      4.49         0
10:24:26            0       517      1.08      1.41      4.45         0
10:24:36            0       518      1.06      1.40      4.41         0
10:24:46            0       518      1.05      1.38      4.37         0
10:24:56            0       518      1.05      1.37      4.34         0
10:25:06            0       517      1.04      1.36      4.30         0
10:25:16            0       519      1.03      1.34      4.27         0
10:25:26            0       517      1.03      1.33      4.23         0
10:25:36            0       518      1.02      1.32      4.20         0
10:25:46            0       518      1.02      1.31      4.16         0
10:25:56            0       518      1.02      1.30      4.13         0
10:26:06            0       518      1.01      1.29      4.09         0
10:26:16            0       517      1.09      1.30      4.06         0
10:26:26            0       517      1.08      1.29      4.03         0
10:26:36            0       518      1.06      1.28      4.00         0
10:26:46            0       518      1.05      1.27      3.97         0
10:26:56            0       518      1.04      1.26      3.93         0
10:27:07            0       517      1.04      1.25      3.90         0
10:27:17            0       517      1.03      1.24      3.87         0
10:27:27            0       517      1.03      1.23      3.84         0
10:27:37            0       518      1.02      1.22      3.81         0
10:27:47            0       518      1.02      1.22      3.78         0
10:27:57            0       520      1.01      1.21      3.75         0
10:28:07            0       517      1.01      1.20      3.72         0
10:28:17            0       517      1.01      1.19      3.69         0
10:28:27            0       517      1.01      1.19      3.66         0
10:28:37            0       518      1.01      1.18      3.63         0
10:28:47            1       518      1.00      1.17      3.60         0
10:28:57            0       518      1.00      1.17      3.57         0
10:29:07            0       517      1.00      1.16      3.54         0

10:29:07      runq-sz  plist-sz   ldavg-1   ldavg-5  ldavg-15   blocked
10:29:17            0       517      1.00      1.16      3.52         0
10:29:27            0       517      1.00      1.15      3.49         0
10:29:37            0       518      1.00      1.14      3.46         0
10:29:47            0       518      1.00      1.14      3.43         0
10:29:57            0       518      1.00      1.13      3.41         0
10:30:07            0       517      1.00      1.13      3.38         0
10:30:18            0       517      1.00      1.12      3.36         0
10:30:28            0       517      1.07      1.14      3.34         0
10:30:38            0       518      1.14      1.15      3.32         0
10:30:48            2       518      1.12      1.14      3.29         0
10:30:58            0       518      1.10      1.14      3.27         0
10:31:08            0       517      1.08      1.13      3.24         0
10:31:18            0       517      1.07      1.13      3.22         0
10:31:28            0       517      1.06      1.12      3.19         0
10:31:38            0       518      1.05      1.12      3.17         0
10:31:48            0       518      1.04      1.12      3.14         0
10:31:58            0       518      1.04      1.11      3.12         0
10:32:08            0       517      1.03      1.11      3.10         0
10:32:18            0       517      1.02      1.10      3.07         0
10:32:28            0       517      1.02      1.10      3.05         0
10:32:38            0       518      1.02      1.10      3.03         0
10:32:48            0       518      1.09      1.11      3.01         0
10:32:58            1       518      1.07      1.10      2.99         0
10:33:08            0       517      1.06      1.10      2.97         0
10:33:18            0       517      1.13      1.11      2.95         0
10:33:28            0       517      1.11      1.11      2.93         0
10:33:38            0       518      1.09      1.11      2.91         0
10:33:49            0       518      1.08      1.10      2.89         0
10:33:59            0       518      1.07      1.10      2.87         0
10:34:09            0       517      1.06      1.09      2.85         0
10:34:19            0       517      1.05      1.09      2.83         0
10:34:29            0       517      1.04      1.09      2.81         0
10:34:39            0       518      1.03      1.08      2.79         0
10:34:49            0       518      1.03      1.08      2.77         0
10:34:59            1       518      1.02      1.08      2.75         0
10:35:09            0       517      1.02      1.08      2.73         0
10:35:19            0       517      1.02      1.07      2.71         0
10:35:29            4       517      1.01      1.07      2.69         0
10:35:39            0       518      1.01      1.07      2.67         0
10:35:49            0       518      1.01      1.06      2.65         0
10:35:59            0       518      1.01      1.06      2.64         0
10:36:09            0       517      1.00      1.06      2.62         0
10:36:19            0       517      1.00      1.06      2.60         0
10:36:29            0       517      1.00      1.05      2.58         0
10:36:39            0       518      1.00      1.05      2.57         0

10:36:39      runq-sz  plist-sz   ldavg-1   ldavg-5  ldavg-15   blocked
10:36:49            0       520      1.00      1.05      2.55         0
10:37:00            0       518      1.00      1.05      2.53         0
10:37:10            0       517      1.00      1.05      2.51         0
10:37:20            0       517      1.00      1.04      2.50         0
10:37:30            1       517      1.00      1.04      2.48         0
10:37:40            0       518      1.00      1.04      2.46         0
10:37:50            0       518      1.00      1.04      2.45         0
10:38:00            0       518      1.00      1.04      2.43         0
10:38:10            0       517      1.08      1.05      2.42         0
10:38:20            0       517      1.07      1.05      2.41         0
10:38:30            0       517      1.06      1.05      2.39         0
10:38:40            0       518      1.05      1.05      2.37         0
10:38:50            0       518      1.44      1.13      2.39         0
10:39:00            0       518      1.37      1.12      2.37         0
10:39:10            0       517      1.31      1.12      2.36         0
10:39:20            0       519      1.27      1.11      2.34         0
10:39:30            0       517      1.45      1.16      2.34         0
10:39:40            1       518      1.38      1.15      2.33         0
10:39:50            0       518      1.32      1.15      2.31         0
10:40:00            0       518      1.27      1.14      2.30         0
10:40:10            0       517      1.31      1.15      2.29         0
10:40:20            1       517      1.26      1.15      2.28         0
10:40:30            0       517      1.22      1.14      2.26         0
10:40:31            0       517      1.20      1.14      2.25         0
10:40:41            0       518      1.17      1.14      2.24         0
10:40:51            0       518      1.37      1.18      2.24         0
10:41:01            0       518      1.31      1.17      2.23         0
10:41:11            0       517      1.26      1.17      2.22         0
10:41:21            0       517      1.29      1.18      2.21         0
10:41:31            0       517      1.40      1.20      2.21         0
10:41:41            0       518      1.34      1.20      2.19         0
10:41:51            0       518      1.28      1.19      2.18         0
10:42:01            0       518      1.24      1.18      2.17         0
10:42:11            0       517      1.57      1.26      2.18         0
10:42:21            0       517      1.48      1.25      2.17         0
10:42:31            0       517      1.63      1.29      2.17         0
10:42:41            0       518      1.53      1.28      2.16         0
10:42:51            0       518      1.97      1.39      2.18         0
10:43:01            0       518      1.82      1.37      2.17         0
10:43:11            0       517      1.69      1.36      2.16         0
10:43:21            0       517      1.66      1.37      2.15         0
10:43:31            0       517      1.85      1.42      2.16         0
10:43:41            0       518      1.72      1.40      2.15         0
10:43:51            0       518      1.61      1.39      2.13         0
10:44:02            0       517      1.52      1.38      2.12         0

10:44:02      runq-sz  plist-sz   ldavg-1   ldavg-5  ldavg-15   blocked
10:44:12            0       517      2.10      1.51      2.16         0
10:44:22            0       517      1.93      1.49      2.14         0
10:44:32            0       518      1.79      1.48      2.13         0
10:44:42            0       518      1.66      1.46      2.12         0
10:44:52            0       519      1.93      1.53      2.13         0
10:45:02            0       518      1.79      1.51      2.12         0
10:45:12            0       518      1.67      1.49      2.11         0
10:45:22            0       518      1.64      1.49      2.10         0
10:45:32            0       519      1.92      1.56      2.12         0
10:45:42            0       518      1.78      1.54      2.10         0
10:45:52            0       518      1.66      1.52      2.09         0
10:46:02            0       517      1.56      1.50      2.08         0
10:46:12            0       517      1.62      1.52      2.08         0
10:46:22            0       517      1.52      1.50      2.07         0
10:46:32            0       518      1.44      1.49      2.05         0
10:46:42            0       518      1.37      1.47      2.04         0
10:46:52            0       518      1.39      1.47      2.04         0
10:47:02            0       517      1.33      1.45      2.02         0
10:47:12            0       517      1.28      1.44      2.01         0
10:47:22            0       517      1.24      1.42      2.00         0
10:47:32            0       518      1.27      1.43      2.00         0
10:47:43            0       518      1.23      1.41      1.98         0
10:47:53            0       518      1.19      1.40      1.97         0
10:48:03            0       517      1.16      1.38      1.96         0
10:48:13            0       517      1.51      1.45      1.98         0
10:48:23            1       517      1.43      1.44      1.97         0
10:48:33            0       518      1.36      1.42      1.96         0
10:48:43            0       518      1.39      1.43      1.95         0
10:48:53            0       518      1.40      1.43      1.95         0
10:49:03            0       517      1.34      1.41      1.94         0
10:49:13            0       517      1.29      1.40      1.93         0
10:49:23            0       517      1.24      1.39      1.92         0
10:49:33            0       518      1.57      1.45      1.93         0
10:49:43            0       518      1.48      1.44      1.92         0
10:49:53            0       518      1.41      1.42      1.91         0
10:50:03            0       517      1.35      1.41      1.90         0
10:50:13            0       517      1.37      1.41      1.90         0
10:50:23            0       517      1.31      1.40      1.89         0
10:50:33            0       518      1.26      1.38      1.88         0
10:50:43            0       518      1.22      1.37      1.87         0
10:50:53            0       520      1.41      1.41      1.87         0
10:51:03            0       519      1.34      1.39      1.86         0
10:51:13            0       519      1.29      1.38      1.85         0
10:51:23            0       519      1.25      1.37      1.85         0
10:51:24            0       519      1.25      1.37      1.85         0

10:51:24      runq-sz  plist-sz   ldavg-1   ldavg-5  ldavg-15   blocked
10:51:34            0       520      1.28      1.37      1.84         0
10:51:44            0       520      1.24      1.36      1.83         0
10:51:54            0       520      1.20      1.35      1.82         0
10:52:04            0       519      1.39      1.38      1.83         0
10:52:14            0       519      1.33      1.37      1.82         0
10:52:24            0       519      1.36      1.38      1.82         0
10:52:34            0       520      1.30      1.36      1.81         0
10:52:44            0       520      1.26      1.35      1.80         0
10:52:54            0       520      1.22      1.34      1.79         0
10:53:04            0       519      1.18      1.33      1.78         0
10:53:14            0       529      1.15      1.32      1.77         0
10:53:24            0       519      1.13      1.30      1.76         0
10:53:34            0       520      1.11      1.29      1.75         0
10:53:44            0       520      1.09      1.28      1.75         0
10:53:54            0       520      1.08      1.27      1.74         0
10:54:04            0       519      1.07      1.26      1.73         0
10:54:14            0       519      1.06      1.26      1.72         0
10:54:24            0       521      1.05      1.25      1.71         0
10:54:34            0       520      1.04      1.24      1.70         0
10:54:44            0       520      1.03      1.23      1.70         0
10:54:54            0       520      1.03      1.22      1.69         0
10:55:04            0       519      1.02      1.21      1.68         0
10:55:15            0       519      1.02      1.21      1.67         0
10:55:25            0       519      1.02      1.20      1.66         0
10:55:35            0       520      1.01      1.19      1.66         0
10:55:45            0       520      1.01      1.19      1.65         0
10:55:55            0       520      1.01      1.18      1.64         0
10:56:05            0       517      1.01      1.17      1.63         0
10:56:15            0       517      1.00      1.17      1.63         0
10:56:25            0       517      1.00      1.16      1.62         0
10:56:35            0       518      1.00      1.15      1.61         0
10:56:45            0       518      1.00      1.15      1.61         0
10:56:55            0       518      1.00      1.14      1.60         0
10:57:05            0       517      1.00      1.14      1.59         0
10:57:15            0       517      1.00      1.13      1.59         0
10:57:25            0       517      1.00      1.13      1.58         0
10:57:35            0       518      1.00      1.12      1.57         0
10:57:45            0       518      1.00      1.12      1.56         0
10:57:55            0       518      1.00      1.11      1.56         0
10:58:05            0       517      1.00      1.11      1.55         0
10:58:15            0       522      1.00      1.11      1.54         0
10:58:25            0       517      1.00      1.10      1.54         0
10:58:35            0       518      1.00      1.10      1.53         0
10:58:46            0       520      1.00      1.09      1.52         0
10:58:56            0       518      1.00      1.09      1.52         0

10:58:56      runq-sz  plist-sz   ldavg-1   ldavg-5  ldavg-15   blocked
10:59:06            0       517      1.00      1.09      1.51         0
10:59:16            0       517      1.00      1.08      1.51         0
10:59:26            0       517      1.00      1.08      1.50         0
10:59:36            0       518      1.00      1.08      1.49         0
10:59:46            0       518      1.00      1.07      1.49         0
10:59:56            0       518      1.00      1.07      1.48         0
11:00:06            0       520      1.00      1.07      1.48         0
11:00:16            0       549      1.00      1.07      1.47         0
11:00:26            0       566      1.00      1.06      1.47         0
11:00:36            0       568      1.00      1.06      1.46         0
11:00:46            0       568      1.00      1.06      1.45         0
11:00:56            0       568      1.08      1.07      1.45         1
11:01:06            1       567      1.22      1.10      1.46         1
11:01:16            0       567      1.34      1.13      1.47         1
11:01:26            0       567      1.29      1.13      1.46         0
11:01:36            1       568      1.24      1.12      1.45         0
11:01:47            0       568      1.28      1.14      1.45         0
11:01:57            0       568      1.32      1.15      1.45         1
11:02:07            0       567      1.34      1.16      1.45         0
11:02:17            1       567      1.37      1.17      1.46         0
11:02:27            0       568      1.39      1.18      1.46         0
11:02:37            1       570      1.57      1.22      1.47         0
11:02:47            0       570      1.72      1.27      1.48         0
11:02:57            2       570      1.77      1.29      1.48         0
11:03:07            0       569      2.22      1.40      1.52         0
11:03:17            1       569      2.19      1.42      1.52         1
11:03:27            0       569      2.08      1.42      1.52         0
11:03:37            0       570      2.30      1.49      1.54         0
11:03:47            0       570      2.10      1.47      1.54         0
11:03:57            2       570      2.17      1.51      1.55         0
11:04:08            0       569      1.99      1.49      1.54         0
11:04:18            0       569      2.16      1.54      1.56         0
11:04:28            1       567      1.98      1.52      1.55         0
11:04:38            1       568      2.23      1.59      1.57         0
11:04:48            1       568      2.04      1.57      1.56         0
11:04:58            1       568      1.88      1.55      1.56         0
11:05:08            1       567      1.74      1.53      1.55         0
11:05:18            0       567      1.71      1.53      1.55         0
11:05:28            3       564      1.60      1.51      1.54         0
11:05:38            0       565      1.66      1.53      1.55         0
11:05:48            1       565      1.64      1.53      1.55         0
11:05:58            1       565      1.69      1.54      1.55         0
11:06:09            0       564      1.73      1.56      1.56         0
11:06:19            4       564      1.62      1.54      1.55         0
11:06:29            7       564      1.74      1.57      1.56         0

11:06:29      runq-sz  plist-sz   ldavg-1   ldavg-5  ldavg-15   blocked
11:06:39            0       565      1.63      1.55      1.55         0
11:06:49           29       592      6.70      2.64      1.91         0
11:06:59           41       592     11.55      3.82      2.30         0
11:07:09           26       591     13.84      4.56      2.56         0
11:07:19           17       591     15.55      5.24      2.80         0
11:07:29           34       591     18.14      6.12      3.11         0
11:07:39           34       592     20.53      7.02      3.44         0
11:07:49           34       592     21.69      7.72      3.70         0
11:07:59           21       592     23.85      8.63      4.04         0
11:08:09           28       591     25.98      9.58      4.40         0
11:08:19           15       591     25.72     10.08      4.62         0
11:08:29           29       591     25.98     10.64      4.86         0
11:08:39           25       592     28.33     11.64      5.25         0
11:08:49           29       592     29.54     12.46      5.58         0
11:08:59           23       592     30.32     13.18      5.89         0
11:09:09           22       591     30.48     13.77      6.16         0
11:09:19           21       591     30.24     14.26      6.40         0
11:09:29           39       591     30.49     14.83      6.67         0
11:09:39           27       592     31.39     15.54      6.99         0
11:09:49           40      1016     35.95     16.99      7.55         0
11:09:59          291       971     52.49     21.12      8.99         0
11:10:09          205       958     67.95     25.49     10.55         0
11:10:19           60       957     72.01     27.76     11.45         0
11:10:29          343       957     97.76     34.80     13.92         0
11:10:39          361       959    133.94     44.60     17.33         0
11:10:49          158       959    142.49     49.28     19.14         0
11:10:59          136       958    162.20     56.66     21.87         0
11:11:09          332       957    181.95     64.43     24.77         0
11:11:19          165       958    171.13     66.03     25.72         0
11:11:29          347       958    162.64     67.73     26.71         0
11:11:39          230       959    191.40     77.02     30.17         0
11:11:49           81       958    172.91     76.81     30.61         0
11:11:59          225       970    164.10     78.03     31.50         0
11:12:09          347       958    165.48     81.07     32.98         0
11:12:19          105       957    158.35     82.25     33.87         0
11:12:29           37       962    163.75     86.07     35.65         0
11:12:39           51       959    182.61     92.74     38.36         0
11:12:49          118       958    168.55     92.71     38.93         0
11:12:59            0       958    149.42     91.16     39.01         0
11:13:09            0       957    126.60     88.19     38.60         0
11:13:19            0       957    107.29     85.32     38.20         0
11:13:29            0       957     90.95     82.54     37.80         0
11:13:39            0       958     77.12     79.85     37.40         0
11:13:49            1       958     65.41     77.26     37.01         0
11:13:59            0       958     55.51     74.75     36.63         0

11:13:59      runq-sz  plist-sz   ldavg-1   ldavg-5  ldavg-15   blocked
11:14:09            0       957     47.13     72.32     36.24         0
11:14:19            0       957     40.04     69.97     35.87         0
11:14:29            0       957     34.03     67.70     35.49         0
11:14:39            0       958     28.95     65.50     35.12         0
11:14:49            0       958     24.66     63.38     34.76         0
11:14:59            0       958     21.02     61.32     34.39         0
11:15:09            0       957     17.94     59.34     34.03         0
11:15:19            0       957     15.34     57.41     33.68         0
11:15:30            0       957     13.13     55.56     33.33         0
11:15:40            0       958     11.27     53.76     32.98         0
11:15:50            0       958      9.69     52.02     32.64         0
11:16:00            0       958      8.35     50.34     32.30         0
11:16:10            0       957      7.22     48.72     31.96         0
11:16:20            0       957      6.26     47.14     31.63         0
11:16:30            0       957      5.45     45.62     31.30         0
11:16:40            1       958      4.77     44.15     30.98         0
11:16:50            0       958      4.19     42.73     30.66         0
11:17:00            0       958      3.70     41.36     30.34         0
11:17:10            0       957      3.28     40.03     30.02         0
11:17:20            0       957      2.93     38.74     29.71         0
11:17:30            0       957      2.63     37.50     29.40         0
11:17:40            0       958      2.38     36.30     29.10         0
11:17:50            0       958      2.17     35.14     28.80         0
11:18:00            0       958      1.99     34.01     28.50         0
11:18:10            0       957      1.84     32.92     28.20         0
11:18:20            0       957      1.71     31.87     27.91         0
11:18:30            0       957      1.60     30.85     27.62         0
11:18:40            0       958      1.51     29.87     27.34         0
11:18:50            0       958      1.43     28.92     27.06         0
11:19:01            0       957      1.33     27.55     26.64         0
11:19:11            0       957      1.28     26.68     26.36         0
11:19:21            0       957      1.24     25.83     26.09         0
11:19:31            1       958      1.20     25.01     25.82         0
11:19:41            0       958      1.17     24.22     25.55         0
11:19:51            0       958      1.14     23.46     25.29         0
11:20:01            0       957      1.12     22.72     25.03         0
11:20:11            0       957      1.10     22.00     24.77         0
11:20:21            0       957      1.08     21.31     24.52         0
11:20:31            0       958      1.07     20.64     24.26         0
11:20:41            0       958      1.06     19.99     24.01         0
11:20:51            0       958      1.05     19.37     23.77         0
11:21:01            0       957      1.04     18.76     23.52         0
11:21:11            0       957      1.04     18.18     23.28         0
11:21:21            0       957      1.03     17.61     23.04         0
11:21:31            0       958      1.02     17.06     22.81         0

11:21:31      runq-sz  plist-sz   ldavg-1   ldavg-5  ldavg-15   blocked
11:21:41            0       958      1.02     16.53     22.57         0
11:21:51            0       958      1.02     16.02     22.34         0
11:22:01            0       957      1.25     15.58     22.13         0
11:22:11            0       957      1.21     15.09     21.90         0
11:22:21            0       957      1.18     14.63     21.68         0
11:22:32            0       958      1.15     14.18     21.45         0
11:22:42            0       958      1.13     13.75     21.23         0
11:22:52            0       958      1.11     13.33     21.02         0
11:23:02            0       957      1.09     12.92     20.80         0
11:23:12            0       957      1.08     12.53     20.59         0
11:23:22            0       957      1.06     12.15     20.38         0
11:23:32            0       958      1.05     11.78     20.17         0
11:23:42            0       958      1.05     11.42     19.96         0
11:23:52            0       958      1.04     11.08     19.76         0
11:24:02            0       957      1.03     10.75     19.56         0
11:24:12            0       957      1.03     10.43     19.36         0
11:24:22            0       957      1.32     10.18     19.18         0
11:24:32            0       959      1.27      9.88     18.99         0
11:24:42            0       959      1.23      9.59     18.80         0
11:24:52            0       959      1.20      9.30     18.60         0
11:25:02            0       958      1.16      9.03     18.42         0
11:25:12            0       958      1.14      8.76     18.23         0
11:25:22            0       958      1.12      8.51     18.04         0
11:25:32            3       959      1.10      8.26     17.86         0
11:25:42            0       959      1.23      8.05     17.69         0
11:25:52            0       959      1.20      7.82     17.51         0
11:26:03            0       958      1.16      7.60     17.33         0
11:26:13            0       958      1.14      7.38     17.16         0
11:26:23            2       958      1.12      7.17     16.99         0
11:26:33            0       959      1.10      6.96     16.81         0
11:26:43            0       959      1.08      6.77     16.64         0
11:26:53            0       959      1.07      6.58     16.48         0
11:27:03            0       958      1.06      6.39     16.31         0
11:27:13            0       958      1.05      6.21     16.14         0
11:27:23            0       958      1.04      6.04     15.98         0
11:27:33            0       959      1.03      5.88     15.82         0
11:27:43            0       959      1.03      5.71     15.66         0
11:27:53            0       959      1.02      5.56     15.50         0
11:28:03            0       958      1.02      5.41     15.35         0
11:28:13            1       968      1.02      5.26     15.19         0
11:28:23            0       958      1.01      5.12     15.04         0
11:28:33            0       959      1.01      4.99     14.89         0
11:28:43            0       959      1.01      4.85     14.74         0
11:28:53            0       959      1.01      4.73     14.59         0
11:29:03            0       958      1.01      4.60     14.45         0

11:29:03      runq-sz  plist-sz   ldavg-1   ldavg-5  ldavg-15   blocked
11:29:13            0       958      1.15      4.52     14.31         0
11:29:23            0       958      1.13      4.40     14.17         0
11:29:33            0       959      1.11      4.29     14.03         0
11:29:43            0       959      1.09      4.18     13.89         0
11:29:54            0       959      1.08      4.07     13.75         0
11:30:04            0       958      1.39      4.04     13.63         0
11:30:14            0       958      1.33      3.94     13.50         0
11:30:24            0       958      1.27      3.84     13.36         0
11:30:34            1       959      1.23      3.75     13.23         0
11:30:44            0       959      1.20      3.66     13.10         0
11:30:54            0       959      1.16      3.57     12.97         0
11:31:04            0       958      1.14      3.48     12.84         0
11:31:14            0       958      1.12      3.40     12.71         0
11:31:24            0       958      1.10      3.32     12.59         0
11:31:34            0       959      1.08      3.25     12.46         0
11:31:44            0       959      1.07      3.17     12.34         0
11:31:54            0       959      1.06      3.10     12.22         0
11:32:04            0       958      1.05      3.03     12.10         0
11:32:14            0       958      1.04      2.96     11.98         0
11:32:24            0       958      1.03      2.90     11.86         0
11:32:34            1       959      1.03      2.83     11.74         0
11:32:44            0       959      1.02      2.77     11.63         0
11:32:54            0       959      1.09      2.73     11.52         0
11:33:04            0       958      1.08      2.67     11.40         0
11:33:14            1       963      1.07      2.62     11.29         0
11:33:24            0       958      1.06      2.56     11.18         0
11:33:35            0       959      1.05      2.51     11.07         0
11:33:45            0       959      1.04      2.46     10.96         0
11:33:55            0       959      1.03      2.41     10.86         0
11:34:05            3       959      1.03      2.37     10.75         0
11:34:15            0       958      1.02      2.32     10.65         0
11:34:25            0       958      1.02      2.28     10.54         0
11:34:35            0       959      1.02      2.23     10.44         0
11:34:45            1       960      1.01      2.19     10.34         0
11:34:55            0       959      1.01      2.15     10.24         0
11:35:05            0       958      1.01      2.12     10.14         0
11:35:15            0       958      1.01      2.08     10.04         0
11:35:25            5       963      1.00      2.04      9.94         0
11:35:35            0       959      1.00      2.01      9.85         0
11:35:45            0       959      1.00      1.97      9.75         0
11:35:55            0       959      1.00      1.94      9.66         0
11:36:05            4       964      1.00      1.91      9.56         0
11:36:15            0       958      1.00      1.88      9.47         0
11:36:25            0       958      1.00      1.85      9.38         0
11:36:35            0       959      1.00      1.82      9.29         0

11:36:35      runq-sz  plist-sz   ldavg-1   ldavg-5  ldavg-15   blocked
11:36:45            3       959      1.15      1.83      9.21         0
11:36:55            0       959      1.12      1.80      9.12         0
11:37:06            0       958      1.10      1.76      8.99         0
11:37:16            0       958      1.08      1.73      8.91         0
11:37:26            0       958      1.07      1.71      8.82         0
11:37:36            0       959      1.06      1.69      8.74         0
11:37:46            0       959      1.05      1.66      8.65         0
11:37:56            0       959      1.04      1.64      8.57         0
11:38:06            0       958      1.03      1.62      8.49         0
11:38:16            0       963      1.03      1.60      8.41         0
11:38:26            0       958      1.02      1.58      8.33         0
11:38:36            0       959      1.02      1.56      8.25         0
11:38:46            0       959      1.02      1.54      8.17         0
11:38:56            0       959      1.01      1.52      8.09         0
Average:           10       621     10.06     10.01      9.34         0
