vnsk@gke-cluster1-pool1-xxxxxxxx-nnsj ~ $ sar -f /mnt/stateful_partition/sysstat/sa30 -q 60
Linux 4.14.138+ (gke-cluster1-pool1-xxxxxxxx-nnsj) 	05/30/20 	_x86_64_	(1 CPU)

10:59:50      runq-sz  plist-sz   ldavg-1   ldavg-5  ldavg-15   blocked
11:00:51            0       512      1.81      1.43      1.55         1
11:01:51            0       512      2.03      1.59      1.60         0
11:02:52            0       512      1.86      1.65      1.62         0
11:03:52            0       512      1.83      1.68      1.63         0
11:04:53            1       512      1.73      1.68      1.64         0
11:05:53            1       510      1.54      1.64      1.63         0
11:06:54           26       531      6.12      2.68      1.97         0
11:07:54           21       531     16.21      6.15      3.21         0
11:08:54           18       531     19.45      8.89      4.33         0
11:09:54           75       903     25.78     12.19      5.73         0
11:10:54          189       911    128.29     42.82     16.59         0
11:11:54          352       903    167.64     71.12     28.04         0
11:12:54           50       904    205.76    100.70     40.96         0
11:13:54            0       903     77.56     83.13     38.67         0
Average:            8       605     10.91     10.71     10.02         0
