vnsk@gke-cluster1-pool1-xxxxxxxx-7hrz ~ $ sar -f /mnt/stateful_partition/sysstat/sa30 -b 10
Linux 4.14.138+ (gke-cluster1-pool1-xxxxxxxx-7hrz) 	05/30/20 	_x86_64_	(1 CPU)

08:50:40          tps      rtps      wtps   bread/s   bwrtn/s
08:50:50         0.10      0.00      0.10      0.00      3.17
09:00:01         1.24      0.01      1.23      0.96     13.27
09:00:02         0.00      0.00      0.00      0.00      0.00
09:00:12         0.50      0.00      0.50      0.00     16.06
09:00:22         0.00      0.00      0.00      0.00      0.00
09:00:32         0.00      0.00      0.00      0.00      0.00
09:00:42         8.66      0.00      8.66      0.00    123.26
09:00:52         0.00      0.00      0.00      0.00      0.00
09:01:02         0.00      0.00      0.00      0.00      0.00
09:01:12         1.61      0.00      1.61      0.00     47.44
09:01:22         4.92      0.00      4.92      0.00     42.61
09:01:32         0.00      0.00      0.00      0.00      0.00
09:01:42         0.30      0.00      0.30      0.00     34.54
09:01:52         0.10      0.00      0.10      0.00      0.80
09:02:02         4.22      0.10      4.12      0.80     34.54
09:02:12         1.71      0.00      1.71      0.00     50.76
09:02:22         0.00      0.00      0.00      0.00      0.00
09:02:32         0.20      0.00      0.20      0.00      1.61
09:02:42         0.30      0.00      0.30      0.00     10.46
09:02:52         3.61      0.00      3.61      0.00     60.18
09:03:02         0.10      0.00      0.10      0.00      0.80
09:03:12         1.00      0.00      1.00      0.00     16.06
09:03:23         0.09      0.00      0.09      0.00     23.42
09:03:33         8.33      0.00      8.33      0.00     74.70
09:03:43         0.50      0.00      0.50      0.00     11.24
09:03:53         0.10      0.00      0.10      0.00     26.56
09:04:03         0.00      0.00      0.00      0.00      0.00
09:04:13         1.20      0.00      1.20      0.00     18.47
09:04:23         0.20      0.00      0.20      0.00     26.48
09:04:33         3.82      0.00      3.82      0.00     45.03
09:04:43         0.20      0.00      0.20      0.00      7.24
09:04:53         0.00      0.00      0.00      0.00      0.00
09:05:03         0.10      0.00      0.10      0.00     27.34
09:05:13         1.10      0.00      1.10      0.00     16.06
09:05:23        92.86     92.86      0.00   3203.22      0.00
09:05:33       241.90    241.70      0.20   9159.51      4.05
09:05:43       239.94    239.64      0.30   9240.85     39.64
09:05:53       265.66    262.03      3.63  10531.32     31.42
09:06:03       184.94    184.44      0.50   7447.39      4.82
09:06:13        74.50     70.90      3.60   2790.40     58.40
09:06:23        32.40     32.40      0.00   1241.60      0.00
09:06:33        33.07     32.97      0.10   1349.05      0.80
09:06:43        43.04     41.54      1.50   1691.29     48.85
09:06:53        24.35     20.96      3.39    820.76     30.34
09:07:03        15.02     15.02      0.00    570.17      0.00

09:07:03          tps      rtps      wtps   bread/s   bwrtn/s
09:07:13        30.10     29.10      1.00   1088.00     40.80
09:07:23         5.09      1.00      4.10     35.16     48.75
09:07:33         1.00      1.00      0.00     35.24      0.00
09:07:43        14.49     14.29      0.20    610.59      7.19
09:07:53         8.89      8.89      0.00    351.65      0.00
09:08:03         1.00      0.70      0.30     22.42     28.83
09:08:13         4.00      0.50      3.50     16.00     40.00
09:08:23         1.20      0.40      0.80     12.80      6.40
09:08:33         0.30      0.00      0.30      0.00     29.72
09:08:44         0.30      0.00      0.30      0.00     12.86
09:08:45         0.00      0.00      0.00      0.00      0.00
09:08:55         7.14      0.00      7.14      0.00     61.91
09:09:05         0.10      0.00      0.10      0.00     26.48
09:09:15         0.30      0.00      0.30      0.00      8.83
09:09:25         1.00      0.00      1.00      0.00      9.64
09:09:35         0.30      0.00      0.30      0.00     28.17
09:09:45         0.30      0.00      0.30      0.00      9.66
09:09:55         5.62      0.00      5.62      0.00     60.98
09:10:05         0.00      0.00      0.00      0.00      0.00
09:10:15         0.50      0.00      0.50      0.00     30.58
09:10:25         0.00      0.00      0.00      0.00      0.00
09:10:35         0.00      0.00      0.00      0.00      0.00
09:10:45         1.21      0.00      1.21      0.00     42.61
09:10:55         3.41      0.00      3.41      0.00     29.72
09:11:05         0.40      0.00      0.40      0.00     24.90
09:11:15         0.20      0.00      0.20      0.00      8.84
09:11:25         0.00      0.00      0.00      0.00      0.00
09:11:35         0.00      0.00      0.00      0.00      0.00
09:11:45         0.60      0.00      0.60      0.00     41.77
09:11:55         6.84      0.00      6.84      0.00     60.36
09:12:05         0.00      0.00      0.00      0.00      0.00
09:12:15         1.00      0.00      1.00      0.00     41.68
09:12:25         0.10      0.00      0.10      0.00      0.80
09:12:35         0.00      0.00      0.00      0.00      0.00
09:12:46         1.09      0.00      1.09      0.00     40.84
09:12:56         3.62      0.00      3.62      0.00     32.19
09:13:06         0.10      0.00      0.10      0.00      1.61
09:13:16         0.30      0.00      0.30      0.00     40.12
09:13:26         0.10      0.00      0.10      0.00      0.80
09:13:36         0.00      0.00      0.00      0.00      0.00
09:13:46         8.54      0.00      8.54      0.00     85.23
09:13:56         0.30      0.00      0.30      0.00     31.33
09:14:06         0.00      0.00      0.00      0.00      0.00
09:14:16         0.50      0.00      0.50      0.00     28.94
09:14:26         0.00      0.00      0.00      0.00      0.00

09:14:26          tps      rtps      wtps   bread/s   bwrtn/s
09:14:36        11.56      0.00     11.56      0.00    174.47
09:14:46         0.50      0.00      0.50      0.00     21.66
09:14:56        29.61      2.01     27.59     16.11    499.50
09:15:06         0.00      0.00      0.00      0.00      0.00
09:15:16       303.34    160.26    143.07  18366.23   4833.97
09:15:26        78.63     78.63      0.00  13500.00      0.00
09:15:36         2.81      0.00      2.81      0.00     35.27
09:15:37         0.00      0.00      0.00      0.00      0.00
09:15:47         7.54      0.00      7.54      0.00    213.87
09:15:57         0.20      0.00      0.20      0.00      1.60
09:16:07         0.10      0.00      0.10      0.00      0.80
09:16:17         0.20      0.00      0.20      0.00     16.10
09:16:27         6.33      0.00      6.33      0.00     93.98
09:16:37         0.10      0.00      0.10      0.00      0.80
09:16:47         5.03      0.00      5.03      0.00     74.77
09:16:57         0.00      0.00      0.00      0.00      0.00
09:17:07         0.00      0.00      0.00      0.00      0.00
09:17:17         1.11      0.00      1.11      0.00     48.34
09:17:27         0.00      0.00      0.00      0.00      0.00
09:17:37         5.02      0.00      5.02      0.00     56.97
09:17:47         0.30      0.00      0.30      0.00      8.83
09:17:57         0.00      0.00      0.00      0.00      0.00
09:18:07         0.40      0.00      0.40      0.00     28.89
09:18:17         0.20      0.00      0.20      0.00     11.26
09:18:27         0.80      0.00      0.80      0.00      6.42
09:18:37         0.10      0.00      0.10      0.00     26.53
09:18:47         7.73      0.00      7.73      0.00     78.71
09:18:57         0.00      0.00      0.00      0.00      0.00
09:19:07         0.10      0.00      0.10      0.00     26.48
09:19:17         4.32      0.00      4.32      0.00     52.26
09:19:27         0.10      0.00      0.10      0.00      0.80
09:19:38         3.38      0.00      3.38      0.00     45.26
09:19:48         0.20      0.00      0.20      0.00      9.65
09:19:58         0.00      0.00      0.00      0.00      0.00
09:20:08         0.20      0.00      0.20      0.00     28.14
09:20:18         1.20      0.00      1.20      0.00     18.47
09:20:28         3.71      0.00      3.71      0.00     49.00
09:20:38         0.00      0.00      0.00      0.00      0.00
09:20:48         0.20      0.00      0.20      0.00      8.02
09:20:58         0.20      0.00      0.20      0.00     27.34
09:21:08         0.30      0.00      0.30      0.00      3.22
09:21:18         1.20      0.00      1.20      0.00     20.86
09:21:28         0.00      0.00      0.00      0.00      0.00
09:21:38         0.10      0.00      0.10      0.00     26.51
09:21:48         0.40      0.00      0.40      0.00      9.65

09:21:48          tps      rtps      wtps   bread/s   bwrtn/s
09:21:58         3.41      0.00      3.41      0.00     29.69
09:22:08         0.60      0.00      0.60      0.00     30.55
09:22:18         1.00      0.00      1.00      0.00     19.28
09:22:28         0.10      0.00      0.10      0.00      0.80
09:22:38         0.20      0.00      0.20      0.00     27.34
09:22:48         0.20      0.00      0.20      0.00     11.24
09:22:58         3.51      0.00      3.51      0.00     31.33
09:23:08         0.20      0.00      0.20      0.00     30.52
09:23:09         0.00      0.00      0.00      0.00      0.00
09:23:19         1.10      0.00      1.10      0.00     17.67
09:23:29         0.10      0.00      0.10      0.00      0.80
09:23:39         0.20      0.00      0.20      0.00     28.14
09:23:49         8.43      0.00      8.43      0.00     83.53
09:23:59         0.20      0.00      0.20      0.00      1.61
09:24:09         0.20      0.00      0.20      0.00     26.51
09:24:19         1.11      0.00      1.11      0.00     20.10
09:24:29         0.00      0.00      0.00      0.00      0.00
09:24:39         5.53      0.00      5.53      0.00     72.36
09:24:49         0.20      0.00      0.20      0.00      8.03
09:24:59         0.00      0.00      0.00      0.00      0.00
09:25:09         0.20      0.00      0.20      0.00      2.41
09:25:19         1.00      0.00      1.00      0.00     43.33
09:25:29         0.00      0.00      0.00      0.00      0.00
09:25:39         0.00      0.00      0.00      0.00      0.00
09:25:49         0.40      0.00      0.40      0.00     37.75
09:25:59         3.61      0.00      3.61      0.00     32.10
09:26:09       175.45    175.15      0.30  43466.67      4.85
09:26:19         1.60      0.00      1.60      0.00     49.75
09:26:29         0.10      0.00      0.10      0.00      0.80
09:26:39         0.30      0.00      0.30      0.00      2.42
09:26:40         0.00      0.00      0.00      0.00      0.00
09:26:50         0.50      0.00      0.50      0.00     37.71
09:27:00         5.23      0.00      5.23      0.00     44.27
09:27:10         0.60      0.00      0.60      0.00      5.62
09:27:20         1.51      0.00      1.51      0.00     51.46
09:27:30         0.00      0.00      0.00      0.00      0.00
09:27:40         0.00      0.00      0.00      0.00      0.00
09:27:50         0.30      0.00      0.30      0.00     33.77
09:28:00         3.82      0.00      3.82      0.00     33.73
09:28:10         0.10      0.00      0.10      0.00      0.81
09:28:20         1.20      0.10      1.10      0.80     43.37
09:28:30         0.10      0.00      0.10      0.00      0.80
09:28:40         0.10      0.00      0.10      0.00      1.61
09:28:50         7.33      0.00      7.33      0.00     99.60
09:29:00         0.00      0.00      0.00      0.00      0.00

09:29:00          tps      rtps      wtps   bread/s   bwrtn/s
09:29:10         1.11      0.00      1.11      0.00     20.90
09:29:20         0.20      0.00      0.20      0.00      9.64
09:29:30         0.00      0.00      0.00      0.00      0.00
09:29:40         0.20      0.00      0.20      0.00     28.94
09:29:50         1.41      0.00      1.41      0.00     23.32
09:30:00         3.41      0.00      3.41      0.00     30.52
09:30:10         0.10      0.00      0.10      0.00      0.80
09:30:20         0.40      0.00      0.40      0.00     39.36
09:30:31         4.84      0.00      4.84      0.00     52.55
09:30:41         0.00      0.00      0.00      0.00      0.00
09:30:51         0.20      0.00      0.20      0.00      8.84
09:31:01         0.20      0.00      0.20      0.00     27.34
09:31:11         0.20      0.00      0.20      0.00      2.41
09:31:21         1.21      0.00      1.21      0.00     21.71
09:31:31         3.82      0.00      3.82      0.00     54.62
09:31:41         0.00      0.00      0.00      0.00      0.00
09:31:51         3.71      0.00      3.71      0.00     55.42
09:32:01         0.00      0.00      0.00      0.00      0.00
09:32:11         0.50      0.00      0.50      0.00      4.02
09:32:21         1.00      0.00      1.00      0.00     42.44
09:32:31         0.00      0.00      0.00      0.00      0.00
09:32:41         0.10      0.00      0.10      0.00      0.80
09:32:51         0.30      0.00      0.30      0.00     38.59
09:33:01         4.91      0.00      4.91      0.00     41.68
09:33:11        20.42     20.12      0.30    874.85      3.22
09:33:21       229.29    227.88      1.41   8539.80     21.01
09:33:31       229.49    221.72      7.78   8966.46     98.59
09:33:41        73.74     73.64      0.10   2800.80      0.80
09:33:52        57.37     57.18      0.18   2189.94      9.52
09:34:02        57.07     56.87      0.20   2327.27     28.28
09:34:12        59.01     58.81      0.20   2491.04      1.61
09:34:22        43.72     42.61      1.11   1546.93     19.30
09:34:32        41.63     37.80      3.83   1583.87     57.26
09:34:42        34.07     34.07      0.00   1434.37      0.00
09:34:52        29.87     29.67      0.20   1165.69     15.34
09:35:02        33.07     32.86      0.20   1286.43     28.94
09:35:12        22.96     22.86      0.10    973.21      1.61
09:35:22        38.41     36.59      1.81   1500.00     26.61
09:35:32        10.94     10.94      0.00    424.10      0.00
09:35:42        17.81     17.40      0.40    798.39     33.00
09:35:52        17.71     17.51      0.20    643.86     10.46
09:36:02        42.90     39.48      3.42   1588.72     30.61
09:36:13        35.32     35.14      0.18   1456.15     24.95
09:36:23        24.55     19.52      5.03    756.54     61.97
09:36:33        22.73     22.73      0.00    843.64      0.00

09:36:33          tps      rtps      wtps   bread/s   bwrtn/s
09:36:43         7.65      7.65      0.00    264.25      0.00
09:36:53         5.45      5.15      0.30    180.83     34.71
09:37:03         4.54      4.34      0.20    151.77      1.61
09:37:13         2.82      2.21      0.60     77.26      5.63
09:37:23        10.18      8.57      1.61    309.68     51.61
09:37:33         1.72      1.62      0.10     54.95      0.81
09:37:43        16.15     16.04      0.10    590.92      0.81
09:37:53         5.15      1.41      3.73     74.27     64.58
09:38:03        11.01     10.91      0.10    458.99      0.81
09:38:14        11.26      8.42      2.84    337.00     38.83
09:38:24         0.40      0.20      0.20      6.45      9.68
09:38:34         0.40      0.30      0.10      9.70      0.81
09:38:44        11.81      5.45      6.36    238.95     83.15
09:38:54         2.02      0.61      1.41     19.37     21.80
09:39:04         0.60      0.50      0.10     16.06      0.80
09:39:14         0.60      0.50      0.10     19.18     26.37
09:39:24        20.78     20.48      0.30    792.81      7.99
09:39:34         3.20      3.20      0.00    118.52      0.00
09:39:44         9.80      9.70      0.10    412.80      1.60
09:39:54         4.50      0.20      4.30      6.40     72.00
09:40:04         0.60      0.40      0.20     12.79      2.40
09:40:14         3.40      0.20      3.20      6.40     46.40
09:40:24         0.70      0.50      0.20     16.00     12.00
09:40:34         0.20      0.20      0.00      6.40      0.00
09:40:44         0.50      0.30      0.20      9.60     28.00
09:40:54         6.10      0.00      6.10      0.00     61.60
09:41:04         0.10      0.00      0.10      0.00      1.60
09:41:14         0.30      0.00      0.30      0.00     22.42
09:41:24         0.20      0.00      0.20      0.00      8.78
09:41:34         4.01      0.00      4.01      0.00     56.11
09:41:44         0.00      0.00      0.00      0.00      0.00
09:41:54         0.50      0.30      0.20      9.60      9.60
09:42:04         0.00      0.00      0.00      0.00      0.00
09:42:14         0.90      0.10      0.80      3.20     33.60
09:42:24         0.20      0.00      0.20      0.00     11.19
09:42:34         0.90      0.00      0.90      0.00      9.60
09:42:44         0.20      0.00      0.20      0.00     29.63
09:42:54         5.00      0.00      5.00      0.00     51.15
09:43:04         0.30      0.20      0.10      6.40      0.80
09:43:14         0.70      0.00      0.70      0.00     31.97
09:43:24         0.20      0.00      0.20      0.00     10.40
09:43:34         0.00      0.00      0.00      0.00      0.00
09:43:44         7.60      0.00      7.60      0.00     91.20
09:43:54         0.20      0.00      0.20      0.00      9.61
09:44:04         1.20      0.00      1.20      0.00     11.20

09:44:04          tps      rtps      wtps   bread/s   bwrtn/s
09:44:14         0.50      0.00      0.50      0.00     30.37
09:44:24         0.10      0.00      0.10      0.00      0.80
09:44:34         0.20      0.00      0.20      0.00     10.40
09:44:44         0.20      0.00      0.20      0.00     27.23
09:44:54         3.40      0.00      3.40      0.00     30.37
09:45:04         1.20      0.00      1.20      0.00     20.00
09:45:14         0.10      0.00      0.10      0.00      0.80
09:45:24         0.20      0.00      0.20      0.00     27.28
09:45:34         0.20      0.00      0.20      0.00      8.02
09:45:44         0.10      0.00      0.10      0.00      1.61
09:45:54         3.72      0.00      3.72      0.00     57.95
09:46:04         1.11      0.00      1.11      0.00     20.12
09:46:14         0.00      0.00      0.00      0.00      0.00
09:46:24         0.10      0.00      0.10      0.00     29.72
09:46:34         6.74      0.00      6.74      0.00     71.63
09:46:44         0.00      0.00      0.00      0.00      0.00
09:46:54         0.60      0.00      0.60      0.00     26.53
09:47:04         0.20      0.00      0.20      0.00      8.86
09:47:14         0.50      0.00      0.50      0.00      4.02
09:47:25         0.27      0.00      0.27      0.00     25.57
09:47:35         6.74      0.00      6.74      0.00     70.82
09:47:45         0.20      0.00      0.20      0.00     19.28
09:47:55         5.22      0.90      4.32     28.11    120.48
09:48:05         0.20      0.00      0.20      0.00     10.45
09:48:15         3.01      0.00      3.01      0.00     25.70
09:48:25         0.40      0.00      0.40      0.00     28.89
09:48:35         1.10      0.00      1.10      0.00     17.67
09:48:45         7.66      0.00      7.66      0.00     66.94
09:48:55         0.10      0.00      0.10      0.00      0.80
09:49:05         3.73      0.00      3.73      0.00    114.40
09:49:15         0.20      0.00      0.20      0.00      2.41
09:49:25         1.20      0.00      1.20      0.00     25.68
09:49:35         4.42      0.00      4.42      0.00     61.11
09:49:45         0.90      0.00      0.90      0.00     17.65
09:49:55         9.05      0.00      9.05      0.00    151.96
09:50:05        31.12      0.00     31.12      0.00    559.11
09:50:15       169.63     29.87    139.76   1984.46   4809.69
09:50:25       512.83    510.91      1.92  22441.21     30.71
09:50:36         2.46      0.00      2.46      0.00     29.93
09:50:46         7.03      0.00      7.03      0.00    105.22
09:50:56         0.60      0.00      0.60      0.00    110.95
09:51:06         7.73      0.00      7.73      0.00    121.29
09:51:16         0.00      0.00      0.00      0.00      0.00
09:51:26         3.82      0.00      3.82      0.00     49.90
09:51:36         0.20      0.00      0.20      0.00     43.33

09:51:36          tps      rtps      wtps   bread/s   bwrtn/s
09:51:46         0.10      0.00      0.10      0.00      0.80
09:51:56         0.00      0.00      0.00      0.00      0.00
09:52:06         4.62      0.00      4.62      0.00     85.23
09:52:16         0.50      0.00      0.50      0.00      4.02
09:52:26         4.02      0.00      4.02      0.00     57.03
09:52:36         0.30      0.00      0.30      0.00     12.85
09:52:46         1.01      0.00      1.01      0.00     25.73
09:52:56         0.00      0.00      0.00      0.00      0.00
09:53:06         0.20      0.00      0.20      0.00      8.86
09:53:16         0.30      0.00      0.30      0.00     28.14
09:53:26         0.20      0.00      0.20      0.00      1.61
09:53:36         1.41      0.00      1.41      0.00     22.51
09:53:46         7.34      0.00      7.34      0.00     88.53
09:53:56         0.10      0.00      0.10      0.00      1.61
09:54:06         0.40      0.00      0.40      0.00     11.27
09:54:17         0.09      0.00      0.09      0.00     24.09
09:54:27         5.62      0.00      5.62      0.00     55.37
09:54:37         0.20      0.00      0.20      0.00      9.67
09:54:47         0.10      0.00      0.10      0.00      0.81
09:54:57         0.00      0.00      0.00      0.00      0.00
09:55:07         1.21      0.00      1.21      0.00     43.42
09:55:17         0.00      0.00      0.00      0.00      0.00
09:55:27         0.00      0.00      0.00      0.00      0.00
09:55:37         0.40      0.00      0.40      0.00     38.55
09:55:47         5.13      0.00      5.13      0.00     45.07
09:55:57         5.93      5.73      0.20    237.99      0.00
09:56:07         1.31      0.00      1.31      0.00     48.29
09:56:17         1.61      1.41      0.20     45.16      1.61
09:56:27         5.13      0.00      5.13      0.00     44.22
09:56:37         0.70      0.00      0.70      0.00     46.59
09:56:47       166.03    165.73      0.30   6432.16      2.41
09:56:57         1.11      0.00      1.11      0.00     22.51
09:57:07         0.20      0.00      0.20      0.00     12.86
09:57:17         0.50      0.00      0.50      0.00      4.02
09:57:27         0.20      0.00      0.20      0.00     26.48
09:57:28        16.16      0.00     16.16      0.00    250.51
09:57:38         0.20      0.00      0.20      0.00      1.61
09:57:48         0.00      0.00      0.00      0.00      0.00
09:57:58         3.92      0.00      3.92      0.00     68.34
09:58:08         0.00      0.00      0.00      0.00      0.00
09:58:18         0.10      0.00      0.10      0.00      1.61
09:58:28         0.30      0.00      0.30      0.00     36.95
09:58:38         8.35      0.00      8.35      0.00     75.65
09:58:48         0.20      0.00      0.20      0.00      1.61
09:58:58         3.61      0.00      3.61      0.00     64.26

09:58:58          tps      rtps      wtps   bread/s   bwrtn/s
09:59:08         0.10      0.00      0.10      0.00      0.80
09:59:18         0.00      0.00      0.00      0.00      0.00
09:59:28         0.40      0.00      0.40      0.00     37.79
09:59:38         1.71      0.00      1.71      0.00     14.44
09:59:48         5.22      0.00      5.22      0.00     66.67
09:59:58         0.20      0.00      0.20      0.00     10.45
10:00:08         4.43      0.00      4.43      0.00     63.65
10:00:18         0.00      0.00      0.00      0.00      0.00
10:00:28         0.00      0.00      0.00      0.00      0.00
10:00:38         0.40      0.00      0.40      0.00     41.89
10:00:48         0.20      0.00      0.20      0.00      2.41
10:00:59         3.10      0.00      3.10      0.00     27.74
10:01:09         1.71      0.00      1.71      0.00     49.00
10:01:19         0.10      0.00      0.10      0.00      0.80
10:01:29         0.10      0.00      0.10      0.00      0.80
10:01:39         5.75      0.00      5.75      0.00     81.45
10:01:49         0.00      0.00      0.00      0.00      0.00
10:01:59         0.10      0.00      0.10      0.00      0.80
10:02:09         2.01      0.00      2.01      0.00     53.17
10:02:19         0.10      0.00      0.10      0.00      0.80
10:02:29         0.10      0.00      0.10      0.00      0.80
10:02:39         0.30      0.00      0.30      0.00     12.06
10:02:49         0.10      0.00      0.10      0.00     28.92
10:02:59         3.42      0.00      3.42      0.00     31.39
10:03:09         1.21      0.00      1.21      0.00     19.32
10:03:19         0.10      0.00      0.10      0.00     26.48
10:03:29         7.54      0.00      7.54      0.00     81.21
10:03:39         0.20      0.00      0.20      0.00     12.86
10:03:49         0.00      0.00      0.00      0.00      0.00
10:03:59         0.00      0.00      0.00      0.00      0.00
10:04:09         1.51      0.00      1.51      0.00     47.48
10:04:20         3.47      0.00      3.47      0.00     28.52
10:04:30         0.00      0.00      0.00      0.00      0.00
10:04:40         0.40      0.00      0.40      0.00     39.52
10:04:50         0.10      0.00      0.10      0.00      0.80
10:05:00         8.03      0.40      7.63     26.51    200.80
10:05:10         6.75      0.30      6.45     27.39    203.83
10:05:20         7.34      0.30      7.04      2.41    258.89
10:05:30         8.78      0.50      8.27     19.37    272.05
10:05:40         6.13      0.60      5.53     22.51    177.69
10:05:50         0.30      0.00      0.30      0.00     27.31
10:06:00         4.72      0.00      4.72      0.00     40.96
10:06:10         2.72      0.00      2.72      0.00     36.22
10:06:20         0.20      0.00      0.20      0.00     27.34
10:06:30       154.33      0.00    154.33      0.00  37843.06

10:06:30          tps      rtps      wtps   bread/s   bwrtn/s
10:06:40       211.58      0.30    211.28      2.42  67478.75
10:06:50       218.41      0.00    218.41      0.00  71147.69
10:07:00       244.86      0.10    244.76      0.81  76809.68
10:07:11       260.81      0.00    260.81      0.00  82772.89
10:07:21       235.92      0.00    235.92      0.00  68226.84
10:07:31       217.97      0.00    217.97      0.00  71730.92
10:07:41       218.09      0.00    218.09      0.00  68968.84
10:07:51       170.09      0.00    170.09      0.00  51217.72
10:08:01        48.44      0.00     48.44      0.00  15339.10
10:08:11        35.51      0.00     35.51      0.00   9088.13
10:08:21         0.00      0.00      0.00      0.00      0.00
10:08:31         7.65      0.00      7.65      0.00     81.29
10:08:41         0.20      0.00      0.20      0.00     10.39
10:08:51         0.00      0.00      0.00      0.00      0.00
10:09:01         0.20      0.00      0.20      0.00     27.36
10:09:11         1.20      0.00      1.20      0.00     17.67
10:09:21         0.40      0.00      0.40      0.00     24.12
10:09:31         0.00      0.00      0.00      0.00      0.00
10:09:41         0.20      0.00      0.20      0.00      9.65
10:09:51         0.20      0.00      0.20      0.00     27.34
10:10:01         3.41      0.00      3.41      0.00     29.69
10:10:11         0.90      0.00      0.90      0.00     13.67
10:10:21         0.10      0.00      0.10      0.00     26.51
10:10:31         0.10      0.00      0.10      0.00      0.80
10:10:42         4.74      0.00      4.74      0.00     46.72
10:10:52         0.60      0.00      0.60      0.00     29.00
10:11:02         0.00      0.00      0.00      0.00      0.00
10:11:12         0.20      0.00      0.20      0.00     10.47
10:11:22         0.30      0.00      0.30      0.00     28.11
10:11:32         0.30      0.00      0.30      0.00      3.22
10:11:42         1.51      0.00      1.51      0.00     24.10
10:11:52         3.82      0.00      3.82      0.00     55.53
10:12:02         0.00      0.00      0.00      0.00      0.00
10:12:12         0.70      0.00      0.70      0.00     12.06
10:12:22         0.30      0.00      0.30      0.00     27.34
10:12:32         0.00      0.00      0.00      0.00      0.00
10:12:42         6.43      0.00      6.43      0.00     66.73
10:12:52         0.30      0.00      0.30      0.00     28.08
10:13:02         0.10      0.00      0.10      0.00      1.61
10:13:12         0.40      0.00      0.40      0.00     15.26
10:13:22         0.10      0.00      0.10      0.00     26.51
10:13:32         7.15      0.00      7.15      0.00     63.65
10:13:42         1.41      0.00      1.41      0.00     20.90
10:13:52         0.20      0.00      0.20      0.00     26.56
10:14:03         0.18      0.00      0.18      0.00      2.19

10:14:03          tps      rtps      wtps   bread/s   bwrtn/s
10:14:13         0.20      0.00      0.20      0.00     10.44
10:14:23         0.00      0.00      0.00      0.00      0.00
10:14:33         0.10      0.00      0.10      0.00     29.81
10:14:43         1.20      0.00      1.20      0.00     16.85
10:14:53         3.52      0.00      3.52      0.00     30.58
10:15:03         0.10      0.00      0.10      0.00     26.53
10:15:13         0.30      0.00      0.30      0.00      8.04
10:15:23         0.10      0.00      0.10      0.00      0.80
10:15:33         0.10      0.00      0.10      0.00     26.51
10:15:43         1.01      0.00      1.01      0.00     16.88
10:15:53         0.10      0.00      0.10      0.00      0.80
10:16:03        18.86      0.00     18.86      0.00    653.16
10:16:13         0.20      0.00      0.20      0.00      8.05
10:16:23        32.33      0.00     32.33      0.00    624.10
10:16:33         0.00      0.00      0.00      0.00      0.00
10:16:43       144.29     10.31    133.97    474.01   2267.34
10:16:53       269.25    260.69      8.57  55545.16   2582.26
10:17:04         0.55      0.00      0.55      0.00     29.25
10:17:14         7.34      0.00      7.34      0.00    104.52
10:17:24         0.70      0.00      0.70      0.00    111.76
10:17:34         0.30      0.00      0.30      0.00     48.29
10:17:44         0.00      0.00      0.00      0.00      0.00
10:17:54         0.20      0.00      0.20      0.00     27.34
10:18:04         7.83      0.00      7.83      0.00     92.37
10:18:14         0.20      0.00      0.20      0.00      1.61
10:18:24         8.07      0.00      8.07      0.00     99.29
10:18:34         0.20      0.00      0.20      0.00     14.46
10:18:44         0.00      0.00      0.00      0.00      0.00
10:18:54         2.92      0.00      2.92      0.00     49.90
10:19:04         1.81      0.00      1.81      0.00     24.14
10:19:14         0.00      0.00      0.00      0.00      0.00
10:19:24         7.25      2.22      5.04     82.18    122.46
10:19:34         4.42      0.00      4.42      0.00     58.69
10:19:44         0.10      0.00      0.10      0.00      0.80
10:19:54         0.20      0.00      0.20      0.00      2.41
10:20:04         0.40      0.00      0.40      0.00     37.83
10:20:15         0.09      0.00      0.09      0.00      1.46
10:20:25         0.00      0.00      0.00      0.00      0.00
10:20:35         1.20      0.00      1.20      0.00     44.13
10:20:45         0.10      0.00      0.10      0.00      0.80
10:20:55         3.51      0.00      3.51      0.00     30.52
10:21:05         0.30      0.00      0.30      0.00      8.05
10:21:15         0.20      0.00      0.20      0.00     27.31
10:21:25         4.02      0.00      4.02      0.00     48.29
10:21:35         0.20      0.00      0.20      0.00     11.26

10:21:35          tps      rtps      wtps   bread/s   bwrtn/s
10:21:45         0.00      0.00      0.00      0.00      0.00
10:21:55         0.20      0.00      0.20      0.00     26.53
10:22:05         1.21      0.00      1.21      0.00     16.10
10:22:15         0.50      0.00      0.50      0.00      4.02
10:22:25         0.30      0.00      0.30      0.00     25.75
10:22:35         0.30      0.00      0.30      0.00     13.67
10:22:45         0.00      0.00      0.00      0.00      0.00
10:22:55         5.13      0.00      5.13      0.00     69.22
10:23:05         1.31      0.00      1.31      0.00     21.69
10:23:15         4.73      0.00      4.73      0.00     62.03
10:23:25         0.00      0.00      0.00      0.00      0.00
10:23:36         0.18      0.00      0.18      0.00      8.04
10:23:46         5.54      0.00      5.54      0.00     74.12
10:23:56         0.00      0.00      0.00      0.00      0.00
10:24:06         0.80      0.00      0.80      0.00     15.26
10:24:16         0.00      0.00      0.00      0.00      0.00
10:24:26         6.12      0.00      6.12      0.00     77.91
10:24:36         0.20      0.00      0.20      0.00     11.27
10:24:46         0.10      0.00      0.10      0.00      1.61
10:24:56         0.20      0.00      0.20      0.00     30.52
10:25:06         1.21      0.00      1.21      0.00     19.32
10:25:16         3.92      0.00      3.92      0.00     32.13
10:25:26         0.00      0.00      0.00      0.00      0.00
10:25:36         0.60      0.00      0.60      0.00     37.87
10:25:46         0.00      0.00      0.00      0.00      0.00
10:25:56         5.52      0.00      5.52      0.00     47.39
10:26:06         1.21      0.00      1.21      0.00     45.83
10:26:16         3.22      0.00      3.22      0.00     38.59
10:26:26         0.00      0.00      0.00      0.00      0.00
10:26:36         0.20      0.00      0.20      0.00      8.84
10:26:46         0.10      0.00      0.10      0.00     26.51
10:26:56         5.22      0.00      5.22      0.00     45.78
10:27:07         1.19      0.00      1.19      0.00     22.69
10:27:17         0.80      0.00      0.80      0.00     32.19
10:27:27         5.53      0.00      5.53      0.00     47.44
10:27:37         0.30      0.00      0.30      0.00     14.47
10:27:47         0.10      0.00      0.10      0.00     25.73
10:27:57         0.00      0.00      0.00      0.00      0.00
10:28:07         1.41      0.00      1.41      0.00     20.10
10:28:17         0.00      0.00      0.00      0.00      0.00
10:28:27         9.04      0.00      9.04      0.00    108.43
10:28:37         0.30      0.00      0.30      0.00     12.06
10:28:47         0.00      0.00      0.00      0.00      0.00
10:28:57         0.10      0.00      0.10      0.00     26.56
10:29:07         4.62      0.00      4.62      0.00     48.19

10:29:07          tps      rtps      wtps   bread/s   bwrtn/s
10:29:17         0.10      0.00      0.10      0.00      0.80
10:29:27         0.10      0.00      0.10      0.00     25.68
10:29:37         0.20      0.00      0.20      0.00      8.84
10:29:47         0.20      0.00      0.20      0.00      2.41
10:29:57         3.73      0.00      3.73      0.00     58.01
10:30:07         1.11      0.00      1.11      0.00     19.32
10:30:18         0.27      0.00      0.27      0.00     17.53
10:30:28         0.20      0.00      0.20      0.00      8.04
10:30:38         0.00      0.00      0.00      0.00      0.00
10:30:48         0.20      0.00      0.20      0.00     26.45
10:30:58         5.13      0.00      5.13      0.00     52.26
10:31:08         0.70      0.00      0.70      0.00      7.23
10:31:18         0.30      0.00      0.30      0.00     24.07
10:31:28         4.02      0.00      4.02      0.00     54.67
10:31:38         0.00      0.00      0.00      0.00      0.00
10:31:48         0.00      0.00      0.00      0.00      0.00
10:31:58         0.40      0.00      0.40      0.00     36.14
10:32:08         1.51      0.00      1.51      0.00     15.31
10:32:18         2.81      0.00      2.81      0.00     23.32
10:32:28         0.30      0.00      0.30      0.00     38.55
10:32:38         0.10      0.00      0.10      0.00      0.80
10:32:48         0.40      0.00      0.40      0.00      3.22
10:32:58         5.32      0.00      5.32      0.00     81.12
10:33:08         1.41      0.00      1.41      0.00     12.07
10:33:18         0.00      0.00      0.00      0.00      0.00
10:33:28         0.30      0.00      0.30      0.00     34.50
10:33:38         8.73      0.00      8.73      0.00     76.31
10:33:49         0.00      0.00      0.00      0.00      0.00
10:33:59         0.70      0.00      0.70      0.00     32.96
10:34:09         0.00      0.00      0.00      0.00      0.00
10:34:19         0.10      0.00      0.10      0.00      0.80
10:34:29         1.31      0.00      1.31      0.00     45.78
10:34:39         0.10      0.00      0.10      0.00      1.61
10:34:49         5.44      0.00      5.44      0.00     64.52
10:34:59         0.20      0.00      0.20      0.00      8.84
10:35:09         0.00      0.00      0.00      0.00      0.00
10:35:19         0.20      0.00      0.20      0.00     26.51
10:35:29         0.20      0.00      0.20      0.00      8.05
10:35:39         0.81      0.00      0.81      0.00      8.06
10:35:49         0.20      0.00      0.20      0.00     27.34
10:35:59         3.82      0.00      3.82      0.00     41.77
10:36:09         0.10      0.00      0.10      0.00      1.61
10:36:19         0.10      0.00      0.10      0.00     26.51
10:36:29         5.43      0.00      5.43      0.00     55.48
10:36:39         1.11      0.00      1.11      0.00      9.66

10:36:39          tps      rtps      wtps   bread/s   bwrtn/s
10:36:49         0.30      0.00      0.30      0.00     22.49
10:37:00         0.18      0.00      0.18      0.00      8.04
10:37:10         0.50      0.00      0.50      0.00      4.02
10:37:20         0.30      0.00      0.30      0.00     28.14
10:37:30         6.12      0.00      6.12      0.00     62.59
10:37:40         0.10      0.00      0.10      0.00      1.61
10:37:50         0.20      0.00      0.20      0.00     27.34
10:38:00         0.20      0.00      0.20      0.00      9.64
10:38:10         0.10      0.00      0.10      0.00      1.61
10:38:20         0.10      0.00      0.10      0.00     25.68
10:38:30         1.41      0.00      1.41      0.00     22.49
10:38:40         0.10      0.00      0.10      0.00      0.80
10:38:50         7.24      0.00      7.24      0.00     89.25
10:39:00         0.20      0.00      0.20      0.00     10.45
10:39:10         0.91      0.00      0.91      0.00     23.34
10:39:20         0.00      0.00      0.00      0.00      0.00
10:39:30         4.02      0.00      4.02      0.00     55.48
10:39:40         0.00      0.00      0.00      0.00      0.00
10:39:50         0.00      0.00      0.00      0.00      0.00
10:40:00         4.32      0.00      4.32      0.00     72.36
10:40:10         0.20      0.00      0.20      0.00      1.61
10:40:20         0.00      0.00      0.00      0.00      0.00
10:40:30         0.30      0.00      0.30      0.00     36.91
10:40:31         0.00      0.00      0.00      0.00      0.00
10:40:41         0.20      0.00      0.20      0.00      2.41
10:40:51         0.00      0.00      0.00      0.00      0.00
10:41:01         6.13      0.00      6.13      0.00     87.64
10:41:11         0.10      0.00      0.10      0.00      1.60
10:41:21         0.00      0.00      0.00      0.00      0.00
10:41:31         5.23      0.00      5.23      0.00     78.87
10:41:41         0.20      0.00      0.20      0.00      1.61
10:41:51         0.10      0.00      0.10      0.00      0.80
10:42:01         1.20      0.00      1.20      0.00     44.18
10:42:11         0.60      0.00      0.60      0.00      5.62
10:42:21         0.10      0.00      0.10      0.00      0.80
10:42:31         0.20      0.00      0.20      0.00     11.23
10:42:41         0.10      0.00      0.10      0.00     29.81
10:42:51         0.00      0.00      0.00      0.00      0.00
10:43:01         5.22      0.00      5.22      0.00     51.35
10:43:11         1.21      0.00      1.21      0.00     37.02
10:43:21         0.00      0.00      0.00      0.00      0.00
10:43:31         0.20      0.00      0.20      0.00     10.47
10:43:41         0.30      0.00      0.30      0.00     28.11
10:43:51         7.34      0.00      7.34      0.00     65.13
10:44:02         1.10      0.00      1.10      0.00     17.55

10:44:02          tps      rtps      wtps   bread/s   bwrtn/s
10:44:12         0.20      0.00      0.20      0.00     26.51
10:44:22         0.00      0.00      0.00      0.00      0.00
10:44:32         5.43      0.00      5.43      0.00     68.41
10:44:42         0.10      0.00      0.10      0.00      0.80
10:44:52         0.00      0.00      0.00      0.00      0.00
10:45:02         1.30      0.00      1.30      0.00     44.93
10:45:12         0.10      0.00      0.10      0.00      0.80
10:45:22         0.30      0.00      0.30      0.00     20.10
10:45:32         0.20      0.00      0.20      0.00      8.03
10:45:42         0.00      0.00      0.00      0.00      0.00
10:45:52         0.20      0.00      0.20      0.00     27.31
10:46:02         6.44      0.00      6.44      0.00     66.80
10:46:12         0.40      0.00      0.40      0.00      3.21
10:46:22         2.91      0.00      2.91      0.00     53.01
10:46:32         0.20      0.00      0.20      0.00     11.26
10:46:42         4.42      0.00      4.42      0.00     55.48
10:46:52         0.00      0.00      0.00      0.00      0.00
10:47:02         0.50      0.00      0.50      0.00     28.89
10:47:12         0.50      0.00      0.50      0.00      4.02
10:47:22         0.00      0.00      0.00      0.00      0.00
10:47:32         1.20      0.00      1.20      0.00     45.74
10:47:43         5.11      0.00      5.11      0.00     43.80
10:47:53         0.00      0.00      0.00      0.00      0.00
10:48:03         0.40      0.00      0.40      0.00     36.98
10:48:13         0.10      0.00      0.10      0.00      1.61
10:48:23         0.00      0.00      0.00      0.00      0.00
10:48:33         1.21      0.00      1.21      0.00     43.42
10:48:43         8.84      0.00      8.84      0.00     77.99
10:48:53         0.00      0.00      0.00      0.00      0.00
10:49:03         0.40      0.00      0.40      0.00     39.32
10:49:13         0.10      0.00      0.10      0.00      0.80
10:49:23         0.00      0.00      0.00      0.00      0.00
10:49:33         1.31      0.00      1.31      0.00     44.98
10:49:43         0.10      0.00      0.10      0.00      0.80
10:49:53         0.00      0.00      0.00      0.00      0.00
10:50:03         3.62      0.00      3.62      0.00     39.44
10:50:13         0.20      0.00      0.20      0.00     27.31
10:50:23         0.40      0.00      0.40      0.00     16.87
10:50:33         0.30      0.00      0.30      0.00     12.04
10:50:43         5.84      0.00      5.84      0.00     62.03
10:50:53         0.00      0.00      0.00      0.00      0.00
10:51:03         0.20      0.00      0.20      0.00      8.85
10:51:13         0.30      0.00      0.30      0.00     28.08
10:51:23         6.52      0.00      6.52      0.00     64.19
10:51:24         0.00      0.00      0.00      0.00      0.00

10:51:24          tps      rtps      wtps   bread/s   bwrtn/s
10:51:34         0.80      0.00      0.80      0.00     14.44
10:51:44         0.30      0.00      0.30      0.00     28.14
10:51:54         0.10      0.00      0.10      0.00      0.80
10:52:04         0.20      0.00      0.20      0.00     10.47
10:52:14         0.60      0.00      0.60      0.00     30.49
10:52:24         0.10      0.00      0.10      0.00      0.80
10:52:34         1.31      0.00      1.31      0.00     21.71
10:52:44         5.43      0.00      5.43      0.00     73.24
10:52:54         0.00      0.00      0.00      0.00      0.00
10:53:04         0.20      0.00      0.20      0.00      8.84
10:53:14         0.20      0.00      0.20      0.00     26.51
10:53:24         0.10      0.00      0.10      0.00      0.80
10:53:34         1.11      0.00      1.11      0.00     18.51
10:53:44         7.54      0.00      7.54      0.00     92.46
10:53:54         0.00      0.00      0.00      0.00      0.00
10:54:04         0.20      0.00      0.20      0.00      9.65
10:54:14         0.20      0.00      0.20      0.00     27.31
10:54:24         0.00      0.00      0.00      0.00      0.00
10:54:34         0.91      0.00      0.91      0.00     16.10
10:54:44         0.10      0.00      0.10      0.00     26.51
10:54:54         6.63      0.00      6.63      0.00     57.89
10:55:04         0.20      0.00      0.20      0.00     12.06
10:55:15         0.18      0.00      0.18      0.00     24.89
10:55:25         4.12      0.00      4.12      0.00     44.18
10:55:35         0.20      0.00      0.20      0.00      9.66
10:55:45         0.00      0.00      0.00      0.00      0.00
10:55:55         0.10      0.00      0.10      0.00     26.51
10:56:05         1.10      0.00      1.10      0.00     16.06
10:56:15         0.00      0.00      0.00      0.00      0.00
10:56:25         3.22      0.00      3.22      0.00     44.27
10:56:35         0.20      0.00      0.20      0.00      9.65
10:56:45         0.00      0.00      0.00      0.00      0.00
10:56:55         3.91      0.00      3.91      0.00     62.59
10:57:05         1.01      0.00      1.01      0.00     15.31
10:57:15         0.50      0.00      0.50      0.00      4.01
10:57:25         0.20      0.00      0.20      0.00     27.34
10:57:35         5.12      0.00      5.12      0.00     54.62
10:57:45         0.20      0.00      0.20      0.00      2.41
10:57:55         0.10      0.00      0.10      0.00     26.56
10:58:05         1.31      0.00      1.31      0.00     23.32
10:58:15         4.51      0.00      4.51      0.00     53.76
10:58:25         0.00      0.00      0.00      0.00      0.00
10:58:35         0.20      0.00      0.20      0.00      8.84
10:58:46         5.76      0.00      5.76      0.00     74.59
10:58:56         0.00      0.00      0.00      0.00      0.00

10:58:56          tps      rtps      wtps   bread/s   bwrtn/s
10:59:06         0.90      0.00      0.90      0.00     17.69
10:59:16         3.31      0.00      3.31      0.00     49.00
10:59:26         0.00      0.00      0.00      0.00      0.00
10:59:36         0.20      0.00      0.20      0.00     11.26
10:59:46         0.10      0.00      0.10      0.00     25.73
10:59:56         5.23      0.00      5.23      0.00     45.03
11:00:06         1.81      0.00      1.81      0.00     33.70
11:00:16         5.42      0.00      5.42      0.00     75.43
11:00:26         2.92      0.00      2.92      0.00     79.68
11:00:36         0.20      0.00      0.20      0.00     13.67
11:00:46         0.20      0.00      0.20      0.00     27.34
11:00:56        13.57      9.85      3.72    434.17     32.16
11:01:06       125.05    123.44      1.61   4713.08     24.14
11:01:16       281.11    281.01      0.10  10902.63     25.86
11:01:26        94.16     94.06      0.10   3747.28      0.80
11:01:36        60.51     60.30      0.20   2330.51      8.08
11:01:47        67.40     61.45      5.95   2449.82     74.73
11:01:57        60.70     60.60      0.10   2395.98      0.80
11:02:07        50.20     49.19      1.01   1761.29     16.94
11:02:17        46.38     45.67      0.70   1767.40     31.39
11:02:27        28.30     28.30      0.00   1102.11      0.00
11:02:37        27.02     26.61      0.40   1109.68     13.71
11:02:47        38.53     38.53      0.00   1542.05      0.00
11:02:57        23.94     20.42      3.52    779.07     59.56
11:03:07        34.07     32.46      1.61   1318.59     22.51
11:03:17        29.88     23.94      5.94    907.85     72.43
11:03:27        17.00     17.00      0.00    666.40      0.00
11:03:37        31.15     30.85      0.30   1309.68      9.68
11:03:47        57.95     57.95      0.00   2292.15      0.00
11:03:57        53.04     47.87      5.16   1846.15     69.64
11:04:08        31.38     31.10      0.28   1209.54     11.01
11:04:18        28.86     27.95      0.91   1094.65      8.07
11:04:28        10.08      9.88      0.20    370.97     27.42
11:04:38        15.08     14.88      0.20    586.23      8.91
11:04:48        10.66     10.56      0.10    463.58      0.80
11:04:58         6.97      3.23      3.74    122.83     58.99
11:05:08         1.51      1.21      0.30     48.39     11.29
11:05:18         1.71      0.80      0.90     25.73      8.04
11:05:28         2.22      1.92      0.30     64.65     28.28
11:05:38         1.51      1.31      0.20     48.39      8.87
11:05:48         1.11      1.11      0.00     35.48      0.00
11:05:58        12.63      8.99      3.64    352.32     58.99
11:06:09         1.37      0.27      1.10      8.80     16.13
11:06:19         0.20      0.20      0.00      6.45      0.00
11:06:29         0.71      0.61      0.10     25.86     29.09

11:06:29          tps      rtps      wtps   bread/s   bwrtn/s
11:06:39         0.51      0.00      0.51      0.00     12.93
11:06:49         0.40      0.40      0.00     12.79      0.00
11:06:59         5.81      0.60      5.21     25.63     70.47
11:07:09         1.90      0.30      1.60      9.60     20.80
11:07:19         0.40      0.40      0.00     12.80      0.00
11:07:29         0.70      0.60      0.10     22.38     26.37
11:07:39         0.60      0.30      0.30      9.61     12.81
11:07:49         0.20      0.10      0.10      3.20      0.80
11:07:59        17.00     12.10      4.90    496.00     41.60
11:08:09         1.70      1.30      0.40     44.80     36.80
11:08:19         1.60      0.40      1.20     12.80     12.00
11:08:29         7.30      0.10      7.20      3.20     84.80
11:08:39         0.70      0.50      0.20     22.38      8.79
11:08:49         0.10      0.10      0.00      3.20      0.00
11:08:59         0.20      0.00      0.20      0.00     27.20
11:09:09         0.10      0.00      0.10      0.00      1.60
11:09:19         0.90      0.00      0.90      0.00     15.22
11:09:29         0.50      0.30      0.20      9.60     26.40
11:09:39         0.20      0.00      0.20      0.00      2.40
11:09:49         0.40      0.20      0.20      6.41     10.41
11:09:59         4.90      0.00      4.90      0.00     68.00
11:10:09        10.90     10.80      0.10    393.60      0.80
11:10:19        12.79     11.49      1.30    492.31     21.58
11:10:29         4.00      0.00      4.00      0.00     57.66
11:10:39         0.00      0.00      0.00      0.00      0.00
11:10:49         1.00      0.00      1.00      0.00     34.40
11:10:59         0.10      0.00      0.10      0.00      0.80
11:11:09         0.00      0.00      0.00      0.00      0.00
11:11:19         0.40      0.00      0.40      0.00     37.64
11:11:29         2.80      0.00      2.80      0.00     23.18
11:11:39         0.10      0.00      0.10      0.00      1.60
11:11:49         1.20      0.00      1.20      0.00     43.24
11:11:59         3.60      0.00      3.60      0.00     31.97
11:12:09         0.60      0.00      0.60      0.00      4.80
11:12:19         1.30      0.00      1.30      0.00     46.40
11:12:29         0.10      0.00      0.10      0.00      0.80
11:12:39         3.70      0.00      3.70      0.00     45.60
11:12:49         0.20      0.00      0.20      0.00     10.40
11:12:59         0.00      0.00      0.00      0.00      0.00
11:13:09         0.30      0.00      0.30      0.00     27.31
11:13:19         0.20      0.00      0.20      0.00      8.84
11:13:29         0.80      0.00      0.80      0.00      6.44
11:13:39         0.10      0.00      0.10      0.00     26.56
11:13:49         7.64      0.00      7.64      0.00     74.77
11:13:59         0.10      0.00      0.10      0.00      0.80

11:13:59          tps      rtps      wtps   bread/s   bwrtn/s
11:14:09         0.20      0.00      0.20      0.00     28.11
11:14:19         1.11      0.00      1.11      0.00     20.10
11:14:29         0.10      0.00      0.10      0.00      1.61
11:14:39         0.10      0.00      0.10      0.00      0.80
11:14:49         0.30      0.00      0.30      0.00     37.87
11:14:59         3.51      0.00      3.51      0.00     30.52
11:15:09         0.00      0.00      0.00      0.00      0.00
11:15:19         1.10      0.00      1.10      0.00     43.33
11:15:30         0.09      0.00      0.09      0.00      0.73
11:15:40         3.72      0.00      3.72      0.00     49.90
11:15:50         0.20      0.00      0.20      0.00      9.66
11:16:00         0.00      0.00      0.00      0.00      0.00
11:16:10         0.30      0.00      0.30      0.00     28.06
11:16:20         1.10      0.00      1.10      0.00     20.06
11:16:30         5.22      0.00      5.22      0.00     74.62
11:16:40         0.00      0.00      0.00      0.00      0.00
11:16:50         0.30      0.00      0.30      0.00      9.64
11:17:00         0.00      0.00      0.00      0.00      0.00
11:17:10         3.61      0.00      3.61      0.00     56.22
11:17:20         1.21      0.00      1.21      0.00     22.51
11:17:30         0.00      0.00      0.00      0.00      0.00
11:17:40         0.20      0.00      0.20      0.00     26.48
11:17:50         0.30      0.00      0.30      0.00      8.85
11:18:00         3.42      0.00      3.42      0.00     30.55
11:18:10         0.10      0.00      0.10      0.00     26.53
11:18:20         6.43      0.00      6.43      0.00     73.97
11:18:30         0.00      0.00      0.00      0.00      0.00
11:18:40         0.00      0.00      0.00      0.00      0.00
11:18:50         0.40      0.00      0.40      0.00     38.59
11:19:01         3.10      0.00      3.10      0.00     27.01
11:19:11         0.10      0.00      0.10      0.00      1.61
11:19:21         1.31      0.00      1.31      0.00     45.03
11:19:31         0.10      0.00      0.10      0.00      0.80
11:19:41         0.10      0.00      0.10      0.00      1.61
11:19:51         0.40      0.00      0.40      0.00     35.34
11:20:01         4.93      0.00      4.93      0.00     42.66
11:20:11         0.00      0.00      0.00      0.00      0.00
11:20:21         1.10      0.00      1.10      0.00     20.08
11:20:31         0.10      0.00      0.10      0.00     30.52
11:20:41         0.20      0.00      0.20      0.00      1.61
11:20:51         4.12      0.00      4.12      0.00     54.67
11:21:01         0.00      0.00      0.00      0.00      0.00
11:21:11         0.00      0.00      0.00      0.00      0.00
11:21:21         1.21      0.00      1.21      0.00     44.27
11:21:31         0.00      0.00      0.00      0.00      0.00

11:21:31          tps      rtps      wtps   bread/s   bwrtn/s
11:21:41         3.82      0.00      3.82      0.00     56.28
11:21:51         0.20      0.00      0.20      0.00      9.65
11:22:01         0.00      0.00      0.00      0.00      0.00
11:22:11         0.70      0.00      0.70      0.00     31.36
11:22:21         1.10      0.00      1.10      0.00     20.08
11:22:32         3.38      0.00      3.38      0.00     44.57
11:22:42         0.10      0.00      0.10      0.00      0.80
11:22:52         1.00      0.00      1.00      0.00     34.50
11:23:02         0.00      0.00      0.00      0.00      0.00
11:23:12         0.30      0.00      0.30      0.00     15.25
11:23:22         5.75      0.00      5.75      0.00     67.74
11:23:32         0.00      0.00      0.00      0.00      0.00
11:23:42         0.00      0.00      0.00      0.00      0.00
11:23:52         3.91      0.00      3.91      0.00     68.20
11:24:02         0.00      0.00      0.00      0.00      0.00
11:24:12         0.80      0.00      0.80      0.00     23.29
11:24:22         1.10      0.00      1.10      0.00     27.31
11:24:32         0.00      0.00      0.00      0.00      0.00
11:24:42         0.00      0.00      0.00      0.00      0.00
11:24:52         0.40      0.00      0.40      0.00     35.41
11:25:02         3.52      0.00      3.52      0.00     30.55
11:25:12         0.10      0.00      0.10      0.00      1.60
11:25:22         0.91      0.00      0.91      0.00     42.66
11:25:32         5.12      0.00      5.12      0.00     44.18
11:25:42         0.20      0.00      0.20      0.00      1.61
11:25:52         1.01      0.00      1.01      0.00     38.59
11:26:03         0.27      0.00      0.27      0.00     14.61
11:26:13         0.00      0.00      0.00      0.00      0.00
11:26:23         0.50      0.00      0.50      0.00     19.30
11:26:33         0.00      0.00      0.00      0.00      0.00
11:26:43         0.00      0.00      0.00      0.00      0.00
11:26:53         0.80      0.00      0.80      0.00     37.02
11:27:03         3.41      0.00      3.41      0.00     29.69
11:27:13         0.70      0.00      0.70      0.00      6.43
11:27:23         0.40      0.00      0.40      0.00     39.40
11:27:33         0.00      0.00      0.00      0.00      0.00
11:27:43         5.13      0.00      5.13      0.00     43.46
11:27:53         1.31      0.00      1.31      0.00     44.98
11:28:03         0.00      0.00      0.00      0.00      0.00
11:28:13         3.10      0.00      3.10      0.00     48.85
11:28:23         0.20      0.00      0.20      0.00     11.24
11:28:33         0.10      0.00      0.10      0.00      0.80
11:28:43         0.10      0.00      0.10      0.00     25.70
11:28:53         7.43      0.00      7.43      0.00     74.70
11:29:03         0.00      0.00      0.00      0.00      0.00

11:29:03          tps      rtps      wtps   bread/s   bwrtn/s
11:29:13         0.10      0.00      0.10      0.00      0.80
11:29:23         0.30      0.00      0.30      0.00     34.57
11:29:33         0.10      0.00      0.10      0.00      0.80
11:29:43         0.10      0.00      0.10      0.00      1.60
11:29:54         0.91      0.00      0.91      0.00     36.56
11:30:04         3.62      0.00      3.62      0.00     31.39
11:30:14         0.30      0.00      0.30      0.00     22.54
11:30:24         0.20      0.00      0.20      0.00      9.65
11:30:34         5.71      0.00      5.71      0.00     62.53
11:30:44         0.00      0.00      0.00      0.00      0.00
11:30:54         0.20      0.00      0.20      0.00     10.45
11:31:04         0.30      0.00      0.30      0.00     28.11
11:31:14         0.00      0.00      0.00      0.00      0.00
11:31:24         1.10      0.00      1.10      0.00     16.87
11:31:34         3.82      0.00      3.82      0.00     58.63
11:31:44         0.00      0.00      0.00      0.00      0.00
11:31:54         0.90      0.00      0.90      0.00     33.77
11:32:04         0.00      0.00      0.00      0.00      0.00
11:32:14         0.50      0.00      0.50      0.00      4.02
11:32:24         0.40      0.00      0.40      0.00     36.87
11:32:34         0.00      0.00      0.00      0.00      0.00
11:32:44         0.10      0.00      0.10      0.00      1.61
11:32:54         1.11      0.00      1.11      0.00     44.22
11:33:04         6.12      0.00      6.12      0.00     54.62
11:33:14         0.10      0.00      0.10      0.00      1.60
11:33:24         5.84      0.00      5.84      0.00     82.90
11:33:35         0.00      0.00      0.00      0.00      0.00
11:33:45         0.20      0.00      0.20      0.00      8.84
11:33:55         5.32      0.00      5.32      0.00     74.70
11:34:05         0.10      0.00      0.10      0.00      0.80
11:34:15         0.20      0.00      0.20      0.00      9.64
11:34:25         5.62      0.00      5.62      0.00     74.70
11:34:35         0.20      0.00      0.20      0.00      1.61
11:34:45         0.30      0.00      0.30      0.00     12.06
11:34:55         0.10      0.00      0.10      0.00     26.53
11:35:05         0.10      0.00      0.10      0.00      0.80
11:35:15         0.20      0.00      0.20      0.00      8.84
11:35:25         0.90      0.00      0.90      0.00     33.70
11:35:35         0.10      0.00      0.10      0.00      1.61
11:35:45         5.84      0.00      5.84      0.00     59.56
11:35:55         0.10      0.00      0.10      0.00      0.80
11:36:05         0.10      0.00      0.10      0.00     29.75
11:36:15         0.30      0.00      0.30      0.00     10.43
11:36:25         1.21      0.00      1.21      0.00     12.07
11:36:35         5.04      0.00      5.04      0.00     65.26

11:36:35          tps      rtps      wtps   bread/s   bwrtn/s
11:36:45         0.20      0.00      0.20      0.00      8.83
11:36:55         0.00      0.00      0.00      0.00      0.00
11:37:06         0.27      0.00      0.27      0.00     25.57
11:37:16         0.70      0.00      0.70      0.00     15.28
11:37:26         1.00      0.00      1.00      0.00     10.44
11:37:36         0.10      0.00      0.10      0.00     26.56
11:37:46         0.40      0.00      0.40      0.00     12.88
11:37:56         3.41      0.00      3.41      0.00     29.72
11:38:06         0.10      0.00      0.10      0.00     26.53
11:38:16         0.30      0.00      0.30      0.00      9.64
11:38:26         0.80      0.00      0.80      0.00      6.43
11:38:36         7.43      0.00      7.43      0.00     91.57
11:38:46         0.20      0.00      0.20      0.00      9.65
11:38:56         0.10      0.00      0.10      0.00      0.80
11:39:06         0.30      0.00      0.30      0.00     28.14
11:39:16         1.21      0.00      1.21      0.00     19.34
11:39:26         5.82      0.00      5.82      0.00     48.95
11:39:36         0.30      0.00      0.30      0.00     32.13
11:39:46         0.20      0.00      0.20      0.00     10.45
11:39:56         0.00      0.00      0.00      0.00      0.00
11:40:06         0.00      0.00      0.00      0.00      0.00
11:40:16         0.70      0.00      0.70      0.00     36.98
11:40:26         0.90      0.00      0.90      0.00      8.84
11:40:36         5.32      0.00      5.32      0.00     62.65
11:40:37         0.00      0.00      0.00      0.00      0.00
11:40:47         0.20      0.00      0.20      0.00     10.44
11:40:57         0.00      0.00      0.00      0.00      0.00
Average:         7.39      3.55      3.84    198.97    651.75
