vnsk@gke-cluster1-pool1-xxxxxxxx-7hrz ~ $ sar -f /mnt/stateful_partition/sysstat/sa30 -q 60
Linux 4.14.138+ (gke-cluster1-pool1-xxxxxxxx-7hrz) 	05/30/20 	_x86_64_	(1 CPU)

11:58:32      runq-sz  plist-sz   ldavg-1   ldavg-5  ldavg-15   blocked
12:00:32            1       580      1.71      1.46      2.96         1
12:01:33            0       580      1.77      1.53      2.89         0
12:02:33            0       580      1.97      1.65      2.85         0
12:03:33            1       582      2.44      1.80      2.82         0
12:04:34            2       582      2.76      2.02      2.83         0
12:05:34            7       577      2.56      2.09      2.80         0
12:06:34           70       635     25.11      7.60      4.59         0
12:06:35           66       635     25.11      7.60      4.59         0
12:07:34           69       637     34.91     13.40      6.77         0
12:08:34           57       637     43.45     19.85      9.41         0
12:09:34          537      1135    142.22     47.41     19.25         0
12:10:34          582      1120    260.51     99.63     39.04         0
12:11:34          571      1126    265.67    131.21     53.72         0
12:12:34            0      1118    178.23    133.87     59.69         0
12:13:35            0      1118     66.09    109.68     56.01         0
12:14:35            0      1119     25.01     89.93     52.58         0
Average:           16       656     13.58     11.64      9.72         0
