[vnsk@web4 ~]$ vmstat -w 60
procs -----------------------memory---------------------- ---swap-- -----io---- -system-- --------cpu--------
 r  b         swpd         free         buff        cache   si   so    bi    bo   in   cs  us  sy  id  wa  st
 2  0        73984      1168420       735344      5352708    0    0     0    57 4960 3904  24   3  71   2   0
 0  0        73984      1136952       735344      5355300    0    0     0    45 4867 3901  20   3  74   2   0
 3  0        73984      1129860       735344      5357920    0    0     0    54 5110 4073  22   3  72   2   0
 0  0        73984      1123308       735344      5360624    0    0     0    59 5044 4046  20   3  74   2   0
 0  0        73984      1095216       735344      5363364    0    0     0    60 5183 4034  21   3  74   1   0
 0  0        73984      1089032       735344      5365888    0    0     0    50 5053 3980  21   3  73   2   0
 2  0        73984      1086280       735344      5368300    0    0     0    50 4872 3833  21   3  74   2   0
 1  0        73984      1081664       735344      5370624    0    0     0    50 4740 3695  21   3  74   2   0
 1  0        73984      1080676       735344      5372952    0    0     0    46 4714 3692  20   3  75   1   0
 0  0        73984      1081412       735344      5373456    0    0     0    22 1537 1185   5   1  94   1   0
 0  0        73984      1084080       735352      5373480    0    0     0     8  639  485   0   0  99   0   0
 0  0        73984      1085140       735352      5373488    0    0     0     8  236  238   0   0 100   0   0
