procs -----------------------memory---------------------- ---swap-- -----io---- -system-- --------cpu--------
 r  b         swpd         free         buff        cache   si   so    bi    bo   in   cs  us  sy  id  wa  st
 3  0        50176      4417300       994552     11301016    0    0    13    52    1    3   3   1  93   3   0
 1  0        50176      4414904       994552     11308716    0    0     0    28 2572 10863   5   3  93   0   0
 3  0        50176      4357848       994564     11298488    0    0     0   152 3756 16529  14   4  81   1   0
 1  0        50176      4061760       994568     11298552    0    0     0    20 4500 19523  35   3  62   1   0
 1  0        50176      4058720       994576     11299500    0    0     0   124 2949 11973  15   1  85   0   0
 2  0        50176      4051348       994576     11306960    0    0     0     0 2810 11622  15   1  85   0   0
 2  0        50176      4051156       994584     11306660    0    0     0    24 2801 11010  14   1  85   1   0
 1  0        50176      4051056       994584     11306256    0    0     0    16 2813 11538  14   1  85   0   0
 1  0        50176      4050040       994584     11306256    0    0     0     0 2757 10956  14   1  85   0   0
 1  0        50176      4048736       994584     11306676    0    0     0 33112 2987 11833  14   1  85   0   0
 1  0        50176      4050640       994584     11306676    0    0     0     0 3084 11303  14   1  85   0   0
 1  0        50176      4052100       994584     11305780    0    0     0     0 2800 11244  14   1  85   0   0
 1  0        50176      4051588       994600     11305768    0    0     0   324 2966 11455  14   1  84   1   0
 1  0        50176      4051092       994600     11305768    0    0     0     0 2892 10991  14   1  85   0   0
 2  0        50176      4058268       994608     11298604    0    0     0    72 2705 11251  14   1  85   0   0
 2  0        50176      4051216       994608     11305940    0    0     0     0 2663 11022  14   1  86   0   0
 3  0        50176      4051268       994608     11306028    0    0     0     0 2675 10655  14   1  85   0   0
 2  0        50176      4061516       994608     11303468    0    0     0     0 2738 11789  14   1  85   0   0
 1  0        50176      4076636       994616     11300868    0    0     0    12 2795 11184  14   1  84   1   0
 1  0        50176      4076652       994620     11300864    0    0     0   788 3046 11673  15   1  85   0   0
 1  0        50176      4076652       994620     11300864    0    0     0    76 2642 10945  14   1  86   0   0
procs -----------------------memory---------------------- ---swap-- -----io---- -system-- --------cpu--------
 r  b         swpd         free         buff        cache   si   so    bi    bo   in   cs  us  sy  id  wa  st
 5  0        50176      4076404       994620     11300864    0    0     0     0 2788 11063  14   0  86   0   0
 1  0        50176      4076544       994620     11300864    0    0     0   948 2692 10882  14   1  86   0   0
 1  0        50176      4076312       994620     11300864    0    0     0    92 2743 11309  13   1  86   0   0
 1  0        50176      4107468       994628     11301052    0    0     0  1104 2827 11680  14   1  85   1   0
 5  0        50176      4107360       994628     11301256    0    0     0     0 2524 10531  13   0  86   0   0
 1  0        50176      4114304       994628     11294108    0    0     0    20 2479 9921  13   0  86   0   0
 2  0        50176      4114304       994628     11293736    0    0     0     0 2518 9840  14   0  86   0   0
 1  0        50176      4086512       994628     11294020    0    0     0   132 3079 11574  13   1  85   0   0
 1  0        50176      4113560       994628     11294856    0    0     0     4 2691 10442  14   1  85   0   0
 1  0        50176      4113560       994636     11295048    0    0     0    12 2533 10684  14   1  85   1   0
 2  0        50176      4078848       994636     11300856    0    0     0     0 3145 12747  14   1  85   0   0
 1  0        50176      4078584       994676     11300728    0    0     0   456 2787 10870  14   1  85   0   0
 1  0        50176      4077592       994676     11301664    0    0     0     0 2894 11567  15   1  84   0   0
 1  0        50176      4075732       994708     11300348    0    0     0  3308 3179 12262  15   1  83   0   0
 2  0        50176      4081288       994708     11293680    0    0     0   148 2911 12395  15   1  85   0   0
 1  0        50176      4095424       994716     11294216    0    0     0    20 2775 10777  15   1  84   1   0
 1  0        50176      4089188       994716     11300872    0    0     0     0 2773 11262  14   1  86   0   0
 1  0        50176      4090216       994716     11294456    0    0     0     0 2732 10653  14   1  85   0   0
 1  0        50176      4094208       994716     11294236    0    0     0 20508 5187 11961  22   2  76   0   0
 1  0        50176      4087048       994716     11301404    0    0     0     0 2738 10964  15   1  83   0   0
 1  0        50176      4083760       994716     11304476    0    0     0     0 2787 11415  14   1  85   0   0
procs -----------------------memory---------------------- ---swap-- -----io---- -system-- --------cpu--------
 r  b         swpd         free         buff        cache   si   so    bi    bo   in   cs  us  sy  id  wa  st
 2  0        50176      4093960       994724     11293784    0    0     0    12 2685 10835  14   1  85   1   0
 2  0        50176      4090872       994724     11301404    0    0     0     0 3169 11676  17   1  82   0   0
 1  0        50176      4096100       994724     11297308    0    0     0     0 3151 11843  18   1  81   0   0
 1  0        50176      4088256       994724     11304768    0    0     0    12 2916 11744  15   1  85   0   0
 1  0        50176      4091992       994724     11300768    0    0     0     0 3063 11189  14   0  86   0   0
 1  0        50176      4091628       994724     11301280    0    0     0     0 2746 10750  14   1  85   0   0
 1  0        50176      4091124       994732     11301688    0    0     0    12 2802 11483  14   1  84   1   0
 1  0        50176      4090900       994740     11301408    0    0     0   216 2801 11176  14   1  85   0   0
 1  0        50176      4090792       994740     11301176    0    0     0   312 2813 11656  14   1  85   0   0
 1  0        50176      4097116       994740     11294692    0    0     0     0 2914 11371  15   1  84   0   0
 1  0        50176      4097372       994740     11294544    0    0     0     0 2688 11521  14   1  85   0   0
 2  0        50176      4091176       994740     11301420    0    0     0    16 2906 11327  15   1  84   0   0
 1  0        50176      4098604       994748     11294156    0    0     0    12 3016 10902  14   1  84   0   0
 1  0        50176      4101720       994748     11293620    0    0     0   100 2887 11221  15   1  84   0   0
 1  0        50176      4101564       994760     11293624    0    0     0   120 2765 11404  13   1  85   1   0
 1  0        50176      4101548       994760     11293916    0    0     0     0 2768 11076  14   1  86   0   0
 1  0        50176      4101332       994760     11294192    0    0     0    52 2916 11092  14   1  85   0   0
 1  0        50176      4100960       994760     11293680    0    0     0     0 2738 10689  14   1  86   0   0
 1  0        50176      4100928       994768     11293960    0    0     0    16 2628 10727  14   1  84   1   0
 1  0        50176      4100572       994768     11294364    0    0     0     0 2767 10825  14   1  85   0   0
 2  0        50176      4087964       994768     11306532    0    0     0     8 7314 17365  33   2  64   0   0
procs -----------------------memory---------------------- ---swap-- -----io---- -system-- --------cpu--------
 r  b         swpd         free         buff        cache   si   so    bi    bo   in   cs  us  sy  id  wa  st
 2  0        50176      4077580       994768     11314672    0    0     0     0 4625 14380  22   2  76   0   0
 3  0        50176      4078504       994768     11315376    0    0     0 46540 3708 15017  22   2  76   0   0
 1  0        50176      4070968       994768     11321248    0    0     0   288 3785 16930  16   1  83   0   0
 1  0        50176      4074780       994776     11316132    0    0     0    16 3883 17136  16   2  82   1   0
 1  0        50176      4077840       994776     11312612    0    0     0    12 3067 13353  14   1  85   0   0
 1  0        50176      4080552       994776     11309192    0    0     0     0 3239 14707  14   1  85   0   0
 2  0        50176      4086004       994776     11302084    0    0     0   100 3691 16267  16   2  83   0   0
 2  0        50176      4081392       994776     11306964    0    0     0   284 3493 16093  16   2  83   0   0
 1  0        50176      4075304       994776     11311344    0    0     0   180 4138 19289  17   2  81   0   0
 1  0        50176      4079920       994784     11305360    0    0     0    20 3054 12658  14   1  84   1   0
 1  0        50176      4069148       994784     11318052    0    0     0     0 3827 16307  17   2  82   0   0
 1  0        50176      4073612       994784     11313020    0    0     0     0 3454 15330  16   1  83   0   0
 1  0        50176      4069764       994784     11318660    0    0     0     0 3221 13490  15   1  84   0   0
 1  0        50176      4068688       994784     11318136    0    0     0     0 3613 15953  15   1  83   0   0
 1  0        50176      4070812       994784     11315896    0    0     0     4 5694 17729  25   3  72   0   0
 1  0        50176      4071308       994792     11311596    0    0     0    12 4964 17988  17   2  80   1   0
 1  0        50176      4069796       994792     11311608    0    0     0     0 4571 16567  17   2  81   0   0
 1  0        50176      4065572       994792     11316376    0    0     0     0 3606 15286  15   2  84   0   0
 1  0        50176      4070936       994800     11310180    0    0     0   600 3464 14372  15   2  83   0   0
 1  0        50176      4067960       994800     11310856    0    0     0     0 3454 13534  19   1  80   0   0
 2  0        50176      4066892       994800     11311240    0    0     0     0 3567 12142  21   2  78   0   0
procs -----------------------memory---------------------- ---swap-- -----io---- -system-- --------cpu--------
 r  b         swpd         free         buff        cache   si   so    bi    bo   in   cs  us  sy  id  wa  st
 4  0        50176      4074144       994808     11303084    0    0     0    28 3775 12839  16   1  82   1   0
 2  0        50176      4076720       994808     11300248    0    0     0     0 3281 12263  18   2  80   0   0
 1  0        50176      4076408       994808     11300220    0    0     0   460 3273 14390  15   1  84   0   0
 2  0        50176      4067308       994808     11307392    0    0     0     0 4453 16472  16   2  82   0   0
 1  0        50176      4064968       994808     11307384    0    0     0     0 4643 16930  16   1  82   0   0
 1  0        50176      4065932       994808     11306860    0    0     0   104 4201 14846  17   1  82   0   0
 1  0        50176      4062196       994816     11308140    0    0     0    12 4960 17507  19   1  79   1   0
 1  0        50176      4063560       994816     11307088    0    0     0     0 2770 11602  14   1  85   0   0
 1  0        50176      4068164       994832     11306836    0    0     0   164 3974 15347  15   1  83   0   0
 1  0        50176      4065080       994832     11308140    0    0     0     0 5510 18216  19   2  79   0   0
 1  0        50176      4066552       994832     11307628    0    0     0     4 3175 14040  14   1  85   0   0
 2  0        50176      4072132       994832     11306860    0    0     0     0 4785 17113  17   2  81   0   0
 1  0        50176      4069892       994840     11307372    0    0     0    72 4855 17262  19   2  78   1   0
 1  0        50176      4069668       994840     11306860    0    0     0     0 3562 14337  15   1  84   0   0
 1  0        50176      4068572       994840     11306864    0    0     0    12 4764 17131  16   2  82   0   0
 2  0        50176      4067420       994840     11307668    0    0     0    24 5601 17984  22   2  76   0   0
 1  0        50176      4058136       994840     11307376    0    0     0     0 5173 16811  27   2  71   0   0
 1  0        50176      4057376       994840     11306868    0    0     0  2028 3271 13704  15   1  84   0   0
 1  0        50176      4056340       994848     11306928    0    0     0    12 4033 14890  16   2  82   1   0
 1  0        50176      4054896       994848     11307380    0    0     0     0 4177 15908  16   1  83   0   0
 1  0        50176      4054556       994848     11307532    0    0     0    24 3425 15214  15   1  84   0   0
procs -----------------------memory---------------------- ---swap-- -----io---- -system-- --------cpu--------
 r  b         swpd         free         buff        cache   si   so    bi    bo   in   cs  us  sy  id  wa  st
 4  0        50176      4049476       994848     11313464    0    0     0     0 3892 17315  16   2  82   0   0
 1  0        50176      4054168       994848     11307664    0    0     0 18948 3090 13250  15   1  84   0   0
 2  0        50176      4057400       994848     11303768    0    0     0     0 4073 17423  17   1  82   0   0
 1  0        50176      4043628       994856     11318072    0    0     0    12 3173 13947  15   1  83   0   0
 2  0        50176      4046836       994856     11313868    0    0     0     0 3529 15667  15   1  83   0   0
 1  0        50176      4051544       994856     11308236    0    0     0    36 2982 12686  15   1  85   0   0
 1  0        50176      4054152       994856     11304764    0    0     0 22624 3311 14709  15   1  84   0   0
 1  0        50176      4068164       994856     11301776    0    0     0     0 2849 11921  14   1  85   0   0
 1  0        50176      4060848       994856     11308568    0    0     0     0 2954 12779  15   1  84   0   0
 1  0        50176      4052696       994864     11316988    0    0     0    12 3795 15863  16   1  82   1   0
 3  0        50176      4050928       994864     11318740    0    0     0    16 3612 15371  16   2  83   0   0
 4  0        50176      4056068       994872     11313176    0    0     0   668 3519 14644  16   1  83   0   0
 1  0        50176      4051176       994872     11317660    0    0     0     0 3386 14575  15   1  84   0   0
 1  0        50176      4056260       994872     11311908    0    0     0     0 2706 10948  13   1  86   0   0
 2  0        50176      4067668       994872     11300716    0    0     0     0 3109 13310  14   1  85   0   0
 1  0        50176      4067344       994880     11300436    0    0     0    68 3737 16078  16   2  82   1   0
 1  0        50176      4050740       994880     11317564    0    0     0     0 3330 13256  15   1  84   0   0
 2  0        50176      4048900       994880     11319580    0    0     0     0 3752 16054  16   1  83   0   0
 2  0        50176      4044736       994880     11325376    0    0     0     0 3591 15648  16   2  82   0   0
 1  0        50176      4047068       994896     11322416    0    0     0   128 3808 16201  16   1  83   0   0
 2  0        50176      4065476       994896     11320076    0    0     0    16 3945 17416  17   2  81   0   0
procs -----------------------memory---------------------- ---swap-- -----io---- -system-- --------cpu--------
 r  b         swpd         free         buff        cache   si   so    bi    bo   in   cs  us  sy  id  wa  st
 4  0        50176      4090636       994908     11294264    0    0     0    32 3556 15124  15   2  82   2   0
 1  0        50176      4073188       994908     11312512    0    0     0     0 3650 16053  16   1  83   0   0
 1  0        50176      4100088       994908     11302884    0    0     0     0 3672 17145  16   2  82   0   0
 1  0        50176      4101664       994908     11300424    0    0     0     8 3562 15530  16   1  83   0   0
 1  0        50176      4102400       994908     11300904    0    0     0    24 3433 15091  15   1  84   0   0
 3  0        50176      4097480       994908     11304772    0    0     0     0 3318 14249  15   1  84   0   0
 1  0        50176      4104268       994916     11297704    0    0     0    20 2618 10479  14   1  85   1   0
 1  0        50176      4134384       994916     11286360    0    0     0     0 3742 15994  17   2  82   0   0
 1  0        50176      4144020       994916     11275572    0    0     0     8 3659 15801  15   2  83   0   0
 1  0        50176      4144868       994916     11274716    0    0     0     0 2754 10930  14   1  86   0   0
 1  1        50176      4153104       994916     11266392    0    0     0    24 3483 14179  16   1  82   0   0
 1  0        50176      4154712       994916     11278684    0    0     0     8 3863 22419  18   2  80   1   0
 2  0        50176      4176064       994924     11271676    0    0     0    12 3537 16395  17   2  81   1   0
 1  0        50176      4180072       994924     11266780    0    0     0     0 3498 14366  16   1  83   0   0
 1  0        50176      4192116       994924     11253520    0    0     0    32 3534 16089  16   2  82   0   0
 2  0        50176      4197216       994924     11247976    0    0     0     0 3483 15419  15   1  84   0   0
 1  0        50176      4198340       994924     11247136    0    0     0    88 3113 13441  14   1  85   0   0
 1  0        50176      4204144       994924     11241100    0    0     0     0 2929 11871  14   1  85   0   0
 1  0        50176      4203908       994932     11240808    0    0     0    12 2821 10979  13   1  86   1   0
 2  0        50176      4207832       994932     11236748    0    0     0    32 3157 13055  14   1  85   0   0
 1  0        50176      4193828       994932     11252444    0    0     0     0 3530 17425  16   1  82   0   0
procs -----------------------memory---------------------- ---swap-- -----io---- -system-- --------cpu--------
 r  b         swpd         free         buff        cache   si   so    bi    bo   in   cs  us  sy  id  wa  st
 4  0        50176      4197980       994940     11247156    0    0     0   768 3920 16271  15   1  83   0   0
 2  0        50176      4183956       994940     11261648    0    0     0     0 4732 14840  17   1  82   0   0
 1  0        50176      4187028       994940     11257368    0    0     0     0 3788 16023  16   1  83   0   0
 1  0        50176      4181312       994948     11263216    0    0     0    12 2832 12322  14   1  84   1   0
 1  0        50176      4186768       994964     11258128    0    0     0   192 3410 14091  16   1  83   0   0
 1  0        50176      4190256       994964     11254832    0    0     0     0 2976 11856  14   1  85   0   0
 1  0        50176      4182808       994964     11262032    0    0     0     0 3022 12531  15   1  85   0   0
 2  0        50176      4189264       994964     11255632    0    0     0     0 3005 11900  15   1  85   0   0
 2  0        50176      4183792       994964     11261904    0    0     0     0 3645 15393  16   2  82   0   0
 4  0        50176      4187832       994984     11258004    0    0     0   160 3537 14712  16   1  82   1   0
 1  0        50176      4175856       994984     11269208    0    0     0   220 3511 15255  16   2  83   0   0
 1  0        50176      4183700       994984     11260852    0    0     0     0 2781 11299  14   1  85   0   0
 1  0        50176      4188752       994996     11255200    0    0     0   556 2768 10965  14   1  85   0   0
 1  0        50176      4198332       994996     11246912    0    0     0     8 3523 14388  16   2  82   0   0
 2  0        50176      4185188       994996     11260960    0    0     0     0 3285 14355  15   2  83   0   0
 1  0        50176      4178616       995004     11266236    0    0     0    36 3643 15159  16   2  82   1   0
 1  0        50176      4172696       995004     11271640    0    0     0     0 3381 14945  15   1  83   0   0
 2  0        50176      4178076       995004     11266376    0    0     0     0 3786 16272  17   1  81   0   0
 3  0        50176      4177964       995004     11266828    0    0     0     0 3609 16130  16   2  83   0   0
 3  0        50176      4175644       995004     11268524    0    0     0     0 3546 14575  17   1  82   0   0
 2  0        50176      4175120       995004     11268144    0    0     0   268 4779 17312  17   2  82   0   0
procs -----------------------memory---------------------- ---swap-- -----io---- -system-- --------cpu--------
 r  b         swpd         free         buff        cache   si   so    bi    bo   in   cs  us  sy  id  wa  st
 4  0        50176      4175856       995012     11266476    0    0     0    12 4227 15693  16   1  82   1   0
 2  0        50176      4182304       995012     11260080    0    0     0     0 4250 15571  16   1  82   0   0
 1  0        50176      4181700       995012     11259568    0    0     0     8 3423 13428  15   1  84   0   0
 1  0        50176      4181968       995012     11259568    0    0     0    36 3848 13727  15   1  84   0   0
 1  0        50176      4180952       995012     11260072    0    0     0     0 4138 14840  17   1  82   0   0
 1  0        50176      4181544       995012     11258608    0    0     0    16 4279 15098  15   1  84   0   0
 1  0        50176      4178460       995024     11258608    0    0     4    12 3423 12689  16   1  83   1   0
 1  0        50176      4177096       995024     11259100    0    0     0     0 4678 15548  16   1  82   0   0
 1  0        50176      4176476       995036     11259100    0    0     0   112 5591 17818  18   2  80   1   0
 3  0        50176      4174120       995036     11258592    0    0     0     0 4557 15766  16   2  82   0   0
 1  0        50176      4175112       995036     11258600    0    0     0   324 5022 16680  17   1  82   0   0
 2  0        50176      4179132       995036     11248540    0    0     0     0 3630 15373  16   2  83   0   0
 1  0        50176      4245400       995044     11252704    0    0     0    12 6063 18335  27   3  69   1   0
 1  0        50176      4268128       995044     11251128    0    0     0    72 4133 17454  17   2  80   0   0
 2  0        50176      4288304       995044     11250784    0    0     0     0 4237 20298  18   2  79   0   0
 1  0        50176      4293916       995044     11244636    0    0     0     8 4047 17292  17   2  81   0   0
 1  0        50176      4318828       995044     11248968    0    0     0     0 3925 15930  17   2  81   0   0
 2  0        50176      4326316       995044     11242444    0    0     0     0 4531 17559  26   3  72   0   0
 3  0        50176      4334764       995052     11233064    0    0     0    12 3771 12916  17   1  82   1   0
 1  0        50176      4356944       995056     11210308    0    0     0   272 3814 13164  20   2  78   0   0
 2  0        50176      4381108       995056     11186264    0    0     0  5264 4234 12310  22   2  76   0   0
procs -----------------------memory---------------------- ---swap-- -----io---- -system-- --------cpu--------
 r  b         swpd         free         buff        cache   si   so    bi    bo   in   cs  us  sy  id  wa  st
 3  0        50176      4356028       995056     11211020    0    0     0 41252 3239 11817  19   1  80   0   0
 1  0        50176      4359416       995056     11207464    0    0     0     0 2846 11035  17   0  83   0   0
 1  0        50176      4358936       995056     11207776    0    0     0    44 2740 10778  14   1  86   0   0
 1  0        50176      4358972       995064     11207776    0    0     0    20 2906 11319  14   0  85   1   0
 3  0        50176      4359036       995064     11207776    0    0     0   160 2693 10671  14   1  85   0   0
 1  0        50176      4359284       995064     11207264    0    0     0     0 2840 10840  14   1  86   0   0
 1  0        50176      4365608       995064     11200608    0    0     0     0 2960 11039  14   1  85   0   0
 2  0        50176      4366168       995072     11200252    0    0     0   444 2742 10623  14   1  85   0   0
 1  0        50176      4359160       995072     11207712    0    0     0     8 2874 11281  14   1  85   0   0
 2  0        50176      4359208       995080     11207712    0    0     0   100 2762 11103  14   1  85   0   0
 1  0        50176      4359916       995080     11207424    0    0     0     0 3003 11307  15   1  85   0   0
 3  0        50176      4359780       995088     11207712    0    0     0   100 2769 10922  14   0  86   0   0
 1  0        50176      4359904       995088     11207424    0    0     0     0 2690 11136  13   1  86   0   0
 1  0        50176      4359788       995088     11207720    0    0     0     0 2771 11541  14   1  85   0   0
 2  0        50176      4359284       995088     11207756    0    0     0     0 2640 10908  14   1  86   0   0
 1  0        50176      4358788       995096     11207756    0    0     0    12 2787 11010  14   1  85   1   0
 1  0        50176      4358516       995096     11207756    0    0     0     0 2859 10987  14   0  86   0   0
 1  0        50176      4358540       995096     11207464    0    0     0     8 2811 11015  14   1  85   0   0
 1  0        50176      4358540       995096     11207756    0    0     0    48 2759 11282  14   1  86   0   0
 1  0        50176      4358540       995096     11207852    0    0     0  1000 2782 11136  13   1  86   0   0
 1  0        50176      4356452       995096     11207560    0    0     0     0 2889 11288  14   1  85   0   0
procs -----------------------memory---------------------- ---swap-- -----io---- -system-- --------cpu--------
 r  b         swpd         free         buff        cache   si   so    bi    bo   in   cs  us  sy  id  wa  st
 3  0        50176      4356284       995104     11207868    0    0     0    12 2940 11619  14   1  85   1   0
 1  0        50176      4356060       995104     11207868    0    0     0     0 2867 11298  14   1  85   0   0
 1  0        50176      4356168       995104     11207576    0    0     0    52 2763 10715  14   1  86   0   0
 1  0        50176      4356364       995104     11207868    0    0     0     0 2724 11085  14   1  85   0   0
 1  0        50176      4355968       995104     11207356    0    0     0   312 2884 10841  14   1  86   0   0
 3  0        50176      4355812       995104     11207868    0    0     0     0 2842 11322  14   1  85   0   0
 1  0        50176      4355192       995128     11208300    0    0     0   208 2784 11315  14   1  85   1   0
 1  0        50176      4357860       995128     11207716    0    0     0     0 4940 11973  21   2  77   0   0
 1  0        50176      4357648       995128     11208020    0    0     0     0 2683 10979  14   1  86   0   0
 1  0        50176      4356976       995128     11208032    0    0     0    16 2959 11297  15   1  85   0   0
 1  0        50176      4356928       995128     11208312    0    0     0     0 2880 11582  15   1  84   0   0
 1  0        50176      4356600       995128     11208544    0    0     0     0 2901 11738  14   1  85   0   0
 1  0        50176      4364168       995136     11200952    0    0     0    60 2892 11121  14   1  84   1   0
 1  0        50176      4355044       995136     11210804    0    0     0     0 2728 11165  14   1  85   0   0
 1  0        50176      4353228       995136     11211468    0    0     0    20 2654 10693  14   1  85   0   0
 1  0        50176      4357176       995136     11207520    0    0     0   120 2829 11266  14   1  85   0   0
 1  0        50176      4353704       995136     11211384    0    0     0     0 2767 10880  14   1  85   0   0
 1  0        50176      4363624       995136     11201156    0    0     0    32 2867 11716  14   1  85   0   0
 1  0        50176      4356656       995144     11208032    0    0     0    24 2775 10702  14   1  85   1   0
 2  0        50176      4356060       995144     11208564    0    0     0 22788 2901 11304  14   1  85   0   0
 3  0        50176      4355648       995144     11208564    0    0     0     0 3011 11455  14   1  85   0   0
procs -----------------------memory---------------------- ---swap-- -----io---- -system-- --------cpu--------
 r  b         swpd         free         buff        cache   si   so    bi    bo   in   cs  us  sy  id  wa  st
 4  0        50176      4356184       995144     11208052    0    0     0     0 2863 11086  14   1  85   0   0
 1  0        50176      4356580       995144     11207540    0    0     0    16 2826 10851  14   1  86   0   0
 2  0        50176      4356788       995144     11208052    0    0     0     0 2952 10991  14   1  86   0   0
 1  0        50176      4356076       995168     11208296    0    0     0   168 3769 12969  17   1  81   1   0
 1  0        50176      4356320       995168     11207876    0    0     0     0 2758 10567  14   1  85   0   0
 1  0        50176      4356400       995168     11207832    0    0     0     0 2747 11214  14   1  86   0   0
 4  0        50176      4355936       995168     11208624    0    0     0     0 3639 12464  18   1  81   0   0
 2  0        50176      4361752       995168     11203428    0    0     0    16 2702 11332  15   1  84   0   0
 1  0        50176      4356728       995168     11208088    0    0     0 46640 3790 11195  20   2  78   0   0
 4  0        50176      4356332       995176     11208088    0    0     0    12 3156 11398  14   1  85   1   0
 1  0        50176      4356456       995176     11208088    0    0     0     0 3611 11061  22   1  77   0   0
 1  0        50176      4356448       995176     11208100    0    0     0    12 2717 11354  14   1  86   0   0
 1  0        50176      4363608       995176     11200940    0    0     0    68 2811 11256  14   1  86   0   0
 1  0        50176      4363020       995184     11201180    0    0     0   788 2892 11172  14   1  85   0   0
 1  0        50176      4363008       995184     11201104    0    0     0   372 2657 10918  13   1  86   0   0
 1  0        50176      4363104       995192     11200960    0    0     0    12 2692 11221  14   1  85   1   0
 3  0        50176      4363500       995192     11200448    0    0     0     0 2714 11148  13   1  86   0   0
 2  0        50176      4356144       995204     11208400    0    0     0   128 3152 11711  16   1  83   0   0
 1  0        50176      4356208       995204     11207908    0    0     0     0 2930 11712  15   1  84   0   0
 1  0        50176      4355540       995204     11208140    0    0     0     0 2855 11353  14   1  85   0   0
 2  0        50176      4363012       995204     11200880    0    0     0     0 2803 7419  14   1  86   0   0
procs -----------------------memory---------------------- ---swap-- -----io---- -system-- --------cpu--------
 r  b         swpd         free         buff        cache   si   so    bi    bo   in   cs  us  sy  id  wa  st
 4  0        50176      4363780       995212     11200496    0    0     0    12 2735 7410  13   1  85   1   0
 1  0        50176      4355976       995212     11208016    0    0     0     0 2701 10992  14   1  85   0   0
 1  0        50176      4362308       995220     11200860    0    0     0    56 2848 7790  14   1  86   0   0
 1  0        50176      4362088       995220     11200860    0    0     0     0 2995 8361  15   1  84   0   0
 1  0        50176      4362136       995220     11200900    0    0     0     0 2890 8169  14   1  85   0   0
 1  0        50176      4361888       995220     11200900    0    0     0     0 2894 7875  15   0  85   0   0
 1  0        50176      4362000       995228     11200900    0    0     0    12 2857 7760  14   1  84   1   0
 1  0        50176      4361912       995232     11200904    0    0     0    40 2979 7740  15   1  83   1   0
 1  0        50176      4362136       995232     11200904    0    0     0     0 2534 6897  13   0  86   0   0
 1  0        50176      4362384       995240     11200392    0    0     0   144 2641 6970  13   0  86   0   0
 1  0        50176      4362012       995240     11201312    0    0     0     8 2642 7230  14   1  86   0   0
 1  0        50176      4354820       995240     11208472    0    0     0    52 2696 7455  14   1  85   0   0
 1  0        50176      4361764       995248     11201172    0    0     0   480 2622 7161  14   1  85   1   0
 1  0        50176      4361592       995248     11200884    0    0     0   176 2677 6992  14   1  86   0   0
 1  0        50176      4361724       995248     11201176    0    0     0     0 2757 7109  14   1  86   0   0
 1  0        50176      4355456       995248     11207392    0    0     0     0 2680 7101  14   1  86   0   0
 2  0        50176      4355000       995248     11207808    0    0     0    16 2601 6760  13   0  86   0   0
 1  0        50176      4355580       995248     11207296    0    0     0     0 2628 6979  14   1  86   0   0
 1  0        50176      4355008       995260     11207808    0    0     4   400 2702 7374  14   1  85   1   0
 1  0        50176      4354616       995260     11207540    0    0     0     0 2593 6993  14   0  86   0   0
 2  0        50176      4354216       995260     11207832    0    0     0     0 2689 7196  15   1  85   0   0
procs -----------------------memory---------------------- ---swap-- -----io---- -system-- --------cpu--------
 r  b         swpd         free         buff        cache   si   so    bi    bo   in   cs  us  sy  id  wa  st
 4  0        50176      4353308       995260     11208728    0    0     0    48 3349 9765  14   1  85   0   0
 1  0        50176      4353464       995284     11207948    0    0     0   252 2849 7915  13   1  86   0   0
 2  0        50176      4353960       995284     11207308    0    0     0    28 2618 7006  14   1  86   0   0
 1  0        50176      4353912       995292     11207820    0    0     0    12 2750 7004  14   1  85   1   0
 1  0        50176      4361644       995292     11200228    0    0     0     0 2900 8199  13   1  86   0   0
 1  0        50176      4354572       995292     11207820    0    0     0    12 2683 7021  14   1  86   0   0
 1  0        50176      4354220       995292     11207528    0    0     0    24 2759 7126  14   1  85   0   0
 1  0        50176      4354448       995292     11207820    0    0     0     0 2589 6969  13   1  86   0   0
 1  0        50176      4354448       995292     11207316    0    0     0     0 2643 6893  13   1  86   0   0
 1  0        50176      4354348       995300     11207888    0    0     0   156 2725 7096  14   1  85   1   0
 1  0        50176      4354696       995300     11207316    0    0     0     0 2600 6996  13   1  86   0   0
 1  0        50176      4353860       995300     11207828    0    0     0    28 2653 7074  14   1  86   0   0
 1  0        50176      4354588       995300     11207316    0    0     0     8 2704 7329  14   1  86   0   0
 2  0        50176      4350496       995300     11207828    0    0     0     0 2856 7479  14   1  85   0   0
 1  0        50176      4353612       995300     11207828    0    0     0     0 2914 7507  15   1  84   0   0
 1  0        50176      4353208       995308     11207944    0    0     0    12 2814 7720  14   1  85   1   0
 1  0        50176      4353116       995308     11208236    0    0     0     0 3078 9317  15   1  84   0   0
 1  0        50176      4360912       995308     11200276    0    0     0    36 2887 8103  14   1  85   0   0
 1  0        50176      4360476       995308     11201068    0    0     0     0 2879 7986  15   1  84   0   0
 1  0        50176      4353332       995308     11208252    0    0     0    32 2574 7497  14   0  86   0   0
 4  0        50176      4360616       995308     11200660    0    0     0     8 2710 8034  15   1  85   0   0
procs -----------------------memory---------------------- ---swap-- -----io---- -system-- --------cpu--------
 r  b         swpd         free         buff        cache   si   so    bi    bo   in   cs  us  sy  id  wa  st
 2  0        50176      4360780       995316     11200864    0    0     0    28 2780 7631  14   1  85   1   0
 1  0        50176      4360376       995316     11201080    0    0     0     0 2625 7233  14   0  86   0   0
 1  0        50176      4353252       995316     11208260    0    0     0     0 2856 7708  15   0  85   0   0
 2  0        50176      4353276       995316     11207968    0    0     0     0 2734 7172  14   1  85   0   0
 1  0        50176      4352800       995324     11207840    0    0     0    72 2830 6979  14   1  85   1   0
 2  0        50176      4353548       995324     11207844    0    0     0    52 2902 7190  14   1  84   0   0
 2  0        50176      4353292       995332     11207848    0    0     0    12 2697 6907  14   1  85   1   0
 2  0        50176      4353956       995332     11207556    0    0     0   316 2630 6834  13   1  86   0   0
 1  0        50176      4329672       995352     11209924    0    0     0   236 3766 11034  18   1  81   0   0
