procs -----------------------memory---------------------- ---swap-- -----io---- -system-- --------cpu--------
 r  b         swpd         free         buff        cache   si   so    bi    bo   in   cs  us  sy  id  wa  st
 2  0        73984       906960       735380      5429844    0    0     0   143 13077 18980  62  12  24   0   1
 5  0        73984       887456       735380      5438840    0    0     0   157 13247 19018  61  12  25   0   1
 5  0        73984       881064       735380      5447916    0    0     0   139 13182 18861  61  12  26   0   1
 1  0        73984       871872       735380      5457200    0    0     0   155 13188 18763  61  12  26   0   1
 0  0        73984       862032       735380      5466496    0    0     0   174 13211 19095  61  12  25   0   1
 3  0        73984       852140       735380      5475120    0    0     0   132 13146 18491  60  12  27   0   1
 1  0        73984       844648       735380      5483860    0    0     0   151 13073 18064  59  12  28   0   1
 4  0        73984       833684       735380      5492516    0    0     0   149 13110 18404  60  12  27   1   1
 6  0        73984       828608       735380      5501580    0    0     0   185 13292 18939  61  12  25   0   1
 1  0        73984       817320       735408      5510512    0    0     0   156 13220 18890  61  12  26   1   1
 0  0        73984       814484       735412      5515012    0    0     0   102 7058 9768  31   6  62   0   1
