procs -----------------------memory---------------------- ---swap-- -----io---- -system-- --------cpu--------
 r  b         swpd         free         buff        cache   si   so    bi    bo   in   cs  us  sy  id  wa  st
 4  0        73984       978060       735352      5381496    0    0     0    67 7830 7098  33   5  60   1   1
 7  0        73984       972160       735352      5386400    0    0     0    96 7990 7042  30   5  63   1   1
 3  0        73984       957832       735352      5391152    0    0     0    88 7880 7551  36   6  55   2   1
11  0        73984       950512       735352      5395896    0    0     0    80 8054 7576  36   6  56   1   1
 0  0        73984       945172       735352      5400548    0    0     0    93 8034 7545  37   6  56   0   1
 2  0        73984       940352       735352      5405152    0    0     0    85 7957 7371  36   6  56   1   1
 0  0        73984       935608       735352      5409716    0    0     0    94 7927 7413  36   6  56   1   1
 8  0        73984       929924       735352      5414232    0    0     0    94 7796 7437  36   6  56   1   1
 2  0        73984       941112       735352      5418764    0    0     0    86 7990 7755  37   7  55   1   1
 0  0        73984       941144       735352      5420560    0    0     0    41 3369 3230  14   3  83   0   0
 0  0        73984       943388       735364      5420568    0    0     0     6  815  592   0   0 100   0   0
