procs -----------------------memory---------------------- ---swap-- -----io---- -system-- --------cpu--------
 r  b         swpd         free         buff        cache   si   so    bi    bo   in   cs  us  sy  id  wa  st
 3  0        49752     14448896      1338856     11027264    0    0    59    47    5    3   5   1  91   3   0
 0  0        49752     14435504      1338856     11039848    0    0     0     0  996 2598   3   1  96   0   0
 0  0        49752     14441424      1338856     11032660    0    0     0     0 1231 2672   3   1  96   0   0
 0  0        49752     14441556      1338856     11032384    0    0     0     0 1136 2215   2   1  97   0   0
 0  0        49752     14446052      1338856     11027932    0    0     0     0 1190 2845   3   1  97   0   0
 0  0        49752     14445996      1338856     11027652    0    0     0     0 1004 2119   1   1  98   0   0
 0  0        49752     14445648      1338860     11027944    0    0     0    24 1063 2186   2   1  96   1   0
 0  0        49752     14445148      1338860     11027620    0    0     0     0 1254 2777   3   1  96   0   0
 0  0        49752     14438472      1338860     11034788    0    0     0     0 1056 2336   1   1  98   0   0
 1  0        49752     14437868      1338860     11035300    0    0     0     8 1141 5781   3   1  96   0   0
 0  0        49752     14438596      1338860     11034508    0    0     0     0  976 2244   2   1  97   0   0
 0  0        49752     14438500      1338860     11034508    0    0     0   148 1022 2073   1   1  98   0   0
 0  0        49752     14437704      1338864     11034508    0    0     0    64  993 2120   1   1  96   2   0
 0  0        49752     14437264      1338864     11035020    0    0     0     0 1078 2310   1   1  98   0   0
 0  0        49752     14436852      1338864     11035020    0    0     0     0 1234 2779   3   1  96   0   0
 0  0        49752     14437224      1338864     11034788    0    0     0     0 1108 2432   1   1  98   0   0
 0  0        49752     14444192      1338864     11028136    0    0     0    36 1077 2711   3   1  96   1   0
 0  0        49752     14437984      1338864     11034512    0    0     0   172 1114 2285   2   1  97   0   0
 0  0        49752     14437760      1338868     11034512    0    0     0    12  972 2135   2   1  97   1   0
 0  0        49752     14437744      1338868     11035024    0    0     0    36 1184 5878   2   1  97   0   0
 0  0        49752     14437924      1338868     11035024    0    0     0     0 1088 2681   2   1  97   0   0
procs -----------------------memory---------------------- ---swap-- -----io---- -system-- --------cpu--------
 r  b         swpd         free         buff        cache   si   so    bi    bo   in   cs  us  sy  id  wa  st
 1  0        49752     14437992      1338868     11034792    0    0     0     0 1091 2507   2   0  98   0   0
 2  0        49752     14445684      1338868     11027216    0    0     0    72 1165 2330   3   1  96   0   0
 0  0        49752     14445712      1338868     11027728    0    0    16     0 1013 2245   1   1  98   0   0
 0  0        49752     14445476      1338880     11027708    0    0     0   156 1135 2523   2   1  96   1   0
 0  0        49752     14445744      1338880     11027628    0    0     0     0 1233 2721   3   1  96   0   0
 0  0        49752     14445216      1338880     11028152    0    0     0     0 1166 2631   2   1  96   0   0
 0  0        49752     14444472      1338880     11028152    0    0     0     0 1255 2627   3   1  96   0   0
 0  0        49752     14445216      1338880     11027860    0    0     0     0 1095 2245   2   1  98   0   0
 0  0        49752     14445240      1338880     11027568    0    0     0     0 1149 6098   2   1  98   0   0
 0  0        49752     14438148      1338884     11034528    0    0     0    12 1135 2384   2   1  97   0   0
 0  0        49752     14437776      1338884     11034820    0    0     0     4 1144 2595   2   1  97   0   0
 1  0        49752     14431080      1338884     11041684    0    0     0     0 1217 2812   2   1  97   0   0
 0  0        49752     14431080      1338884     11041684    0    0     0     0 1616 4270   6   1  93   0   0
 0  0        49752     14431064      1338884     11041800    0    0     0    16 1070 2462   2   1  98   0   0
 0  0        49752     14435296      1338884     11037912    0    0     0     0 1769 4817   7   2  92   0   0
 2  0        49752     14402692      1338912     11052808    0    0     0   236 2347 8641   7   3  90   1   0
 5  0        49752     14369772      1338912     11075172    0    0     0     0 2605 11466  10   3  88   0   0
 0  0        49752     14370748      1338916     11078048    0    0     0     0 2312 7669   8   4  89   0   0
 0  0        49752     14378668      1338916     11070452    0    0     0     0 1293 7392   4   1  95   0   0
 0  0        49752     14378932      1338916     11068624    0    0     0     0 1255 3094   4   1  96   0   0
 1  0        49752     14379364      1338916     11069248    0    0     0     0 2798 5837   9   2  88   0   0
procs -----------------------memory---------------------- ---swap-- -----io---- -system-- --------cpu--------
 r  b         swpd         free         buff        cache   si   so    bi    bo   in   cs  us  sy  id  wa  st
 3  0        49752     14383828      1338920     11064468    0    0     0    16 1156 2772   2   1  96   1   0
 1  0        49752     14389464      1338944     11070492    0    0     0   424 2123 8115   9   3  88   0   0
 1  0        49752     14369352      1338944     11071572    0    0     0     8 2742 13403  12   3  85   0   0
 2  0        49752     14381084      1338972     11059884    0    0     0   256 1717 4628   4   2  94   0   0
 3  0        49752     14381140      1338984     11058216    0    0     0   704 1771 5926   6   2  91   1   0
 0  0        49752     14383124      1338984     11055784    0    0     0   756 1276 2758   2   1  96   0   0
 0  0        49752     14381156      1339004     11053096    0    0     0   236 1390 4467   3   1  94   1   0
 0  0        49752     14384864      1339004     11049228    0    0     0    32 1144 6147   3   1  96   0   0
 2  0        49752     14412728      1339008     11045944    0    0     0     0 2730 9016  12   5  84   0   0
 5  0        49752     14367576      1339012     11076428    0    0   152     0 3698 14998  16   5  79   0   0
 2  0        49752     14334440      1339012     11081468    0    0     0     0 3435 12996  18   5  77   0   0
 0  0        49752     14335784      1339036     11079084    0    0     0   732 2433 8300  11   4  85   0   0
 2  0        49752     14336824      1339040     11079248    0    0     0    12 2113 7432   9   3  87   1   0
 0  0        49752     14336996      1339040     11080052    0    0     0     0 2281 7833  10   3  87   0   0
 0  0        49752     14336460      1339040     11080272    0    0     0     0 2125 7207   8   3  89   0   0
 0  0        49752     14343284      1339040     11073524    0    0     0     0 2594 9287  11   5  85   0   0
 0  0        49752     14346412      1339044     11071204    0    0     0   980 2540 8649  10   4  86   0   0
 0  0        49752     14346316      1339044     11071128    0    0     0     0 1308 6738   3   2  95   0   0
 1  0        49752     14350376      1339048     11069376    0    0     0   356 2052 3432   5   1  94   1   0
 0  0        49752     14353692      1339048     11065588    0    0     0     0 1141 3089   2   1  97   0   0
 0  0        49752     14353540      1339048     11065980    0    0     0     8 1305 3791   3   2  95   0   0
procs -----------------------memory---------------------- ---swap-- -----io---- -system-- --------cpu--------
 r  b         swpd         free         buff        cache   si   so    bi    bo   in   cs  us  sy  id  wa  st
 3  0        49752     14353660      1339048     11065980    0    0     0     0 1142 2854   2   1  97   0   0
 1  0        49752     14354140      1339048     11065468    0    0     0     0 1643 4933   6   3  92   0   0
 0  0        49752     14350924      1339048     11068580    0    0     0     0 1703 5554   5   3  92   0   0
 0  0        49752     14347644      1339060     11072684    0    0     0   324 1797 6376   7   2  91   1   0
 0  0        49752     14343404      1339068     11076184    0    0     0    72 1428 5293   4   1  95   0   0
 0  0        49752     14344040      1339068     11075168    0    0     0   584 2668 8448  11   4  85   0   0
 0  0        49752     14392488      1339068     11069024    0    0     0     0 3113 12778  12   5  83   0   0
 2  0        49752     14395988      1339068     11065584    0    0     0     0 1907 6556   8   2  90   0   0
 1  0        49752     14414616      1339068     11046008    0    0     0     0 2137 6582   7   3  89   0   0
 0  0        49752     14412428      1339068     11049732    0    0     0  1028 1973 7266   7   3  90   0   0
 0  0        49752     14416536      1339068     11045332    0    0     0    24 1110 2807   2   1  97   0   0
 0  0        49752     14413784      1339068     11049448    0    0     0     0 2380 7135  11   3  86   0   0
 0  0        49752     14425268      1339092     11041532    0    0     0   460 1352 3037   2   1  96   1   0
 0  0        49752     14424936      1339092     11041752    0    0     0     0  953 2267   2   1  97   0   0
 1  0        49752     14431988      1339092     11034172    0    0     0   184 1080 2081   3   1  96   0   0
 4  0        49752     14431920      1339092     11034172    0    0     0  1188 1087 2965   5   1  93   1   0
 0  0        49752     14433228      1339092     11032900    0    0     0     0 1026 4999   1   1  98   0   0
 0  0        49752     14429708      1339092     11036456    0    0     0    72 1085 2425   1   1  98   0   0
 0  0        49752     14430020      1339092     11036076    0    0     0     0 1022 2165   1   1  98   0   0
 0  0        49752     14431848      1339092     11033740    0    0     0     0 1181 2749   2   1  97   0   0
 0  0        49752     14434700      1339096     11031376    0    0     0   676 1079 2705   3   1  97   0   0
procs -----------------------memory---------------------- ---swap-- -----io---- -system-- --------cpu--------
 r  b         swpd         free         buff        cache   si   so    bi    bo   in   cs  us  sy  id  wa  st
 2  0        49752     14427896      1339100     11038028    0    0     0   500 1257 3099   4   2  94   1   0
 0  0        49752     14427896      1339100     11037904    0    0     0     0 1212 2801   4   1  95   0   0
 0  0        49752     14427632      1339100     11038316    0    0     0     0  986 2109   2   1  98   0   0
 0  0        49752     14428392      1339100     11037744    0    0     0     0 1015 2144   1   1  98   0   0
 1  0        49752     14428500      1339100     11037524    0    0     0   268 1046 6092   1   0  99   0   0
 0  0        49752     14428128      1339100     11037804    0    0     0     0 1213 2955   3   1  96   0   0
 0  0        49752     14427880      1339108     11037884    0    0     0   124 1121 2719   3   0  96   1   0
 1  0        49752     14427880      1339108     11037932    0    0     0     0 1043 2084   2   0  98   0   0
 0  0        49752     14433856      1339108     11030996    0    0     0     0 1087 2161   2   1  96   0   0
 0  0        49752     14434328      1339108     11030488    0    0     0     8 1162 2285   2   0  98   0   0
 0  0        49752     14434352      1339108     11030488    0    0     0     0  979 2096   1   1  98   0   0
 0  0        49752     14434328      1339108     11031000    0    0     0     0 1034 2101   1   1  98   0   0
 0  0        49752     14427608      1339112     11037876    0    0     0    20 1059 2218   1   1  97   1   0
 0  0        49752     14427348      1339112     11037656    0    0     0     0  994 2086   2   0  98   0   0
 1  0        49752     14427384      1339112     11037656    0    0     0     0 1038 5729   2   1  97   0   0
 0  0        49752     14434100      1339112     11031160    0    0     0     0 1000 2059   1   1  98   0   0
 2  0        49752     14427136      1339112     11038168    0    0     0     0  923 1963   1   0  99   0   0
 0  0        49752     14427408      1339112     11037656    0    0     0     8 1033 2087   2   1  97   0   0
 0  0        49752     14427260      1339120     11038132    0    0     0    12 1076 2071   2   1  97   1   0
 0  0        49752     14427424      1339120     11037900    0    0     0     0 1141 2873   3   1  96   0   0
 0  0        49752     14434328      1339120     11030540    0    0     0    76 1077 2721   3   1  97   0   0
procs -----------------------memory---------------------- ---swap-- -----io---- -system-- --------cpu--------
 r  b         swpd         free         buff        cache   si   so    bi    bo   in   cs  us  sy  id  wa  st
 3  0        49752     14430360      1339120     11034776    0    0     0     0 1339 3029   6   1  93   0   0
 1  0        49752     14426540      1339120     11038360    0    0     0     0 1316 2586   6   1  94   0   0
 2  0        49752     14427972      1339120     11036328    0    0     0     0 1256 2798   4   1  95   0   0
 1  0        49752     14424276      1339128     11040516    0    0     0    24 1364 6656   5   1  94   1   0
 2  0        49752     14420196      1339128     11043328    0    0     0     4 1818 5842   6   2  92   0   0
 2  0        49752     14404756      1339128     11058316    0    0     0     0 1863 10930   8   3  89   0   0
 0  0        49752     14407232      1339128     11056616    0    0     0    28 2849 9498  14   4  82   0   0
 3  0        49752     14401980      1339128     11061804    0    0     0     0 2738 8201  10   4  87   0   0
 0  0        49752     14407444      1339128     11056212    0    0     0     0 1829 11506   6   3  92   0   0
 0  0        49752     15439496      1339208     10768112    0    0     0  2672 10988 10338  10   5  83   1   0
 0  0        49752     15444272      1339208     10763928    0    0     0     0 1047 2263   2   0  97   0   0
 0  0        49752     15443812      1339208     10764336    0    0     0     8  988 2226   1   1  97   0   0
 0  0        49752     15453844      1339208     10754232    0    0     0     0 1196 2770   3   1  96   0   0
 0  0        49752     15453012      1339208     10754744    0    0     0     0 1140 6368   3   1  97   0   0
 1  0        49752     15453044      1339208     10754776    0    0     0    12 1136 2229   3   1  96   0   0
 1  0        49752     15457972      1339212     10750412    0    0     0    12 1182 2527   4   1  94   0   0
 1  0        49752     15459476      1339212     10748504    0    0     0     0 1343 3651   3   1  96   0   0
 2  0        49752     15524236      1339212     10749508    0    0     0     0 1656 4193   6   2  93   0   0
 1  0        49752     15526388      1339212     10747196    0    0     0     0 1017 2132   1   0  98   0   0
 2  0        49752     15529920      1339212     10744372    0    0     0   248 1361 2972   3   1  97   0   0
 0  0        49752     15522564      1339212     10751700    0    0     0     0 1352 3596   3   1  96   0   0
procs -----------------------memory---------------------- ---swap-- -----io---- -system-- --------cpu--------
 r  b         swpd         free         buff        cache   si   so    bi    bo   in   cs  us  sy  id  wa  st
 4  0        49752     15523076      1339216     10751980    0    0     0    12  892 1941   1   1  98   1   0
 1  0        49752     15531408      1339216     10743640    0    0     0     0 1305 3481   3   1  96   0   0
 0  0        49752     15530904      1339216     10743972    0    0     0     8 1176 6533   2   1  96   0   0
 1  0        49752     15530904      1339216     10744072    0    0     0     0  931 1985   1   1  98   0   0
 1  0        49752     15530880      1339216     10743988    0    0     0     0  963 2007   1   1  98   0   0
 0  0        49752     15531424      1339216     10743476    0    0     0     4 1038 2321   2   1  98   0   0
 1  0        49752     15531228      1339216     10743476    0    0     0    20  974 2055   1   0  98   1   0
 1  0        49752     15531176      1339216     10743896    0    0     0     0 1025 2250   2   1  97   0   0
 1  0        49752     15531104      1339216     10743896    0    0     0     0  933 1935   2   1  98   0   0
 0  0        49752     15532020      1339216     10743388    0    0     0     0 1108 2198   1   0  98   0   0
 0  0        49752     15531648      1339216     10743680    0    0     0     0  913 2016   1   1  98   0   0
 1  0        49752     15532120      1339216     10743388    0    0     0     0 1008 2114   3   1  96   0   0
 0  0        49752     15532168      1339220     10743388    0    0     0    12 1082 5939   5   1  94   1   0
 0  0        49752     15531796      1339220     10743680    0    0     0     0  879 1904   1   1  98   0   0
 0  0        49752     15531648      1339220     10743900    0    0     0     0  935 1947   1   1  98   0   0
 0  0        49752     15531524      1339220     10743900    0    0     0     0  977 2108   1   1  98   0   0
 0  0        49752     15531612      1339220     10743388    0    0     0    48  920 1858   1   1  98   0   0
 0  0        49752     15531624      1339220     10743900    0    0     0     0  956 1975   2   1  97   0   0
 0  0        49752     15531624      1339224     10743900    0    0     0    24  987 2064   1   1  98   0   0
 0  0        49752     15532232      1339228     10743388    0    0     0  1548  971 2039   1   0  99   0   0
 0  0        49752     15531664      1339228     10743680    0    0     0     0 1052 2127   1   1  98   0   0
procs -----------------------memory---------------------- ---swap-- -----io---- -system-- --------cpu--------
 r  b         swpd         free         buff        cache   si   so    bi    bo   in   cs  us  sy  id  wa  st
 3  0        49752     15530712      1339228     10743900    0    0   576     8 1066 2235   1   1  98   0   0
 1  0        49752     15530968      1339228     10743388    0    0     0     0 1059 5967   1   1  98   0   0
 0  0        49752     15530944      1339228     10743900    0    0     0     0  984 2104   2   1  98   0   0
 0  0        49752     15531340      1339232     10743388    0    0     0    12  953 1878   2   1  97   1   0
 0  0        49752     15531340      1339232     10743388    0    0     0     0  916 1951   1   1  98   0   0
 0  0        49752     15529912      1339232     10743908    0    0     0     0  957 1997   2   1  98   0   0
 0  0        49752     15530224      1339232     10743912    0    0     0     0 1103 2163   2   0  97   0   0
 0  0        49752     15530208      1339232     10743620    0    0     0     0  973 2045   1   1  98   0   0
 0  0        49752     15530396      1339232     10743400    0    0     0    12  908 1940   2   1  98   0   0
 0  0        49752     15530596      1339236     10743912    0    0     0    12 1021 2217   2   1  97   1   0
 0  0        49752     15531180      1339236     10743620    0    0     0     0 1083 2131   1   1  98   0   0
 0  0        49752     15531092      1339236     10743400    0    0     0     0 1044 5898   2   1  98   0   0
 0  0        49752     15530612      1339236     10743912    0    0     0     8  961 2120   2   1  98   0   0
 0  0        49752     15531092      1339236     10743400    0    0     0     8  898 1924   1   1  98   0   0
 0  0        49752     15531044      1339236     10743400    0    0     0     0 1017 2037   2   0  98   0   0
 0  0        49752     15530868      1339240     10743912    0    0     0    20  962 2025   2   1  97   1   0
 0  0        49752     15530780      1339240     10743620    0    0     0     0 1096 2762   1   1  98   0   0
 2  0        49752     15529480      1339240     10745136    0    0     0     0 1210 2961   4   1  95   0   0
 1  0        49752     15530764      1339240     10743704    0    0     0     0 1008 2102   1   1  98   0   0
 1  0        49752     15530712      1339244     10743268    0    0     0    32 1175 2846   4   1  95   1   0
 1  0        49752     15530776      1339244     10744148    0    0     0     0 1268 3098   6   1  93   0   0
procs -----------------------memory---------------------- ---swap-- -----io---- -system-- --------cpu--------
 r  b         swpd         free         buff        cache   si   so    bi    bo   in   cs  us  sy  id  wa  st
 5  0        49752     15530780      1339244     10744192    0    0     0    12 1162 5735   2   1  97   1   0
 1  0        49752     15531448      1339244     10743404    0    0     0     0  975 2105   1   1  98   0   0
 0  0        49752     15531388      1339244     10743916    0    0     0     4  931 1941   1   0  98   0   0
 0  0        49752     15531512      1339256     10743396    0    0     0    72 1058 2243   2   1  96   1   0
 0  0        49752     15531604      1339256     10743404    0    0     0    20  976 2051   1   0  98   0   0
 0  0        49752     15531480      1339256     10743700    0    0     0     0  974 2012   2   0  97   0   0
 0  0        49752     15531652      1339256     10743412    0    0     0    12 1166 2334   3   1  95   1   0
 0  0        49752     15524792      1339256     10750584    0    0     0   192 1029 2190   3   1  96   0   0
 0  0        49752     15524240      1339256     10751096    0    0     0     0  980 2070   1   1  98   0   0
 0  0        49752     15523728      1339256     10750584    0    0     0     0 1072 2206   1   1  98   0   0
 0  0        49752     15523844      1339256     10750876    0    0     0     0 1105 5881   2   1  98   0   0
 0  0        49752     15523840      1339256     10751096    0    0     0     0  999 2022   1   1  98   0   0
 0  0        49752     15523776      1339256     10750584    0    0     0    24 1150 2871   1   1  97   1   0
 1  0        49752     15522280      1339256     10752484    0    0     0     0 1190 3239   3   1  96   0   0
 0  0        49752     15530736      1339256     10743884    0    0     0     8 1262 3292   3   1  96   0   0
 0  0        49752     15523388      1339256     10751096    0    0     0     0  967 2168   1   1  98   0   0
 0  0        49752     15521916      1339256     10752868    0    0     0     0 1081 2683   2   1  97   0   0
 0  0        49752     15522776      1339256     10751116    0    0     0     0 1024 2204   2   0  98   0   0
 1  0        49752     15522784      1339260     10751476    0    0     0    20 1015 2532   2   1  97   1   0
 2  0        49752     15529872      1339260     10743704    0    0     0   164 1170 2848   4   1  95   0   0
 1  0        49752     15529592      1339260     10743996    0    0     0     0 1259 6552   5   1  93   0   0
procs -----------------------memory---------------------- ---swap-- -----io---- -system-- --------cpu--------
 r  b         swpd         free         buff        cache   si   so    bi    bo   in   cs  us  sy  id  wa  st
 1  0        49752     15528116      1339260     10745480    0    0     0     0 1257 3375   3   1  96   0   0
 0  0        49752     15528224      1339260     10745160    0    0     0     8 1318 3215   3   1  96   0   0
 0  0        49752     15529404      1339260     10743616    0    0     0     8 1056 2661   2   1  97   0   0
 0  0        49752     15529312      1339260     10744536    0    0     0    20 1068 2408   3   1  95   1   0
 0  0        49752     15523064      1339260     10750596    0    0     0    12  970 2066   1   1  98   0   0
 0  0        49752     15523420      1339268     10750592    0    0     0   220 1148 2243   2   1  97   1   0
 0  0        49752     15523460      1339268     10751108    0    0     0     0  996 2127   1   0  98   0   0
 0  0        49752     15523396      1339268     10750816    0    0     0     0 1190 3325   1   1  98   0   0
 0  0        49752     15522320      1339268     10752848    0    0     0    16 1425 4493   4   1  95   0   0
 0  0        49752     15528552      1339272     10746116    0    0     0    12 1134 6128   2   1  96   1   0
 0  0        49752     15531232      1339272     10743592    0    0     0     0 1109 2432   2   0  97   0   0
 1  0        49752     15531248      1339272     10743848    0    0     0     0 1073 2799   2   1  98   0   0
 0  0        49752     15524428      1339272     10751528    0    0     0     0 1276 3216   2   1  97   0   0
 0  0        49752     15524348      1339272     10751528    0    0     0     0 1157 3216   2   1  97   0   0
 0  0        49752     15522708      1339272     10752860    0    0     0    64 1273 3579   3   1  96   0   0
 0  0        49752     15522860      1339276     10751696    0    0     0    12 1035 2120   2   1  97   1   0
 0  0        49752     15524072      1339276     10750624    0    0     0     0 1337 3794   2   1  97   0   0
 0  0        49752     15523464      1339276     10751152    0    0     0   164 1303 3612   3   1  96   0   0
 0  0        49752     15522628      1339276     10751532    0    0     0     0 1178 2850   2   1  97   0   0
 0  0        49752     15529684      1339276     10744364    0    0     0     0 1367 6789   3   1  96   0   0
 0  0        49752     15529816      1339276     10743852    0    0     0     0 1119 2960   2   1  97   0   0
procs -----------------------memory---------------------- ---swap-- -----io---- -system-- --------cpu--------
 r  b         swpd         free         buff        cache   si   so    bi    bo   in   cs  us  sy  id  wa  st
 3  0        49752     15522344      1339284     10751528    0    0     0    12 1246 3323   3   1  95   1   0
 0  0        49752     15529292      1339284     10743948    0    0     0     0 1153 2899   3   1  96   0   0
 0  0        49752     15528628      1339284     10743848    0    0     0     0 1303 3454   2   1  97   0   0
 0  0        49752     15528956      1339284     10744128    0    0     0     0 1340 3144   4   1  95   0   0
 0  0        49752     15521512      1339284     10751528    0    0     0     0 1179 3120   2   1  97   0   0
 0  0        49752     15522040      1339284     10751016    0    0     0     0 1199 3288   2   1  97   0   0
 0  0        49752     15529032      1339292     10744520    0    0     0    12 1086 2901   2   1  97   1   0
 0  0        49752     15529180      1339292     10744316    0    0     0     0 1253 3503   2   2  96   0   0
 0  0        49752     15521624      1339292     10751204    0    0     0     8 1138 6149   3   1  96   0   0
 0  0        49752     15521732      1339292     10751120    0    0     0     0  991 2117   1   1  98   0   0
 0  0        49752     15522056      1339292     10750608    0    0     0     0  978 2169   1   0  98   0   0
 0  0        49752     15522104      1339292     10750608    0    0     0    28 1024 2144   2   0  97   0   0
 0  0        49752     15521668      1339296     10750616    0    0     0    20  997 2055   1   1  97   1   0
 1  0        49752     15521732      1339296     10750616    0    0     0     0 1105 2487   4   0  96   0   0
 0  0        49752     15521824      1339296     10750676    0    0     0     0 1118 2223   5   0  95   0   0
 0  0        49752     15521856      1339296     10750680    0    0     0     0 1005 2152   1   1  98   0   0
 0  0        49752     15522112      1339296     10751028    0    0     0     4 1050 2536   2   1  97   0   0
 0  0        49752     15528488      1339296     10744372    0    0     0   152 1147 2554   4   1  95   0   0
 0  0        49752     15521700      1339296     10751028    0    0     0    20 1012 5861   2   1  96   2   0
 0  0        49752     15522368      1339296     10750620    0    0     0     0  913 2007   1   1  98   0   0
 0  0        49752     15522304      1339296     10750620    0    0     0     0  986 2188   1   1  99   0   0
procs -----------------------memory---------------------- ---swap-- -----io---- -system-- --------cpu--------
 r  b         swpd         free         buff        cache   si   so    bi    bo   in   cs  us  sy  id  wa  st
 3  0        49752     15521608      1339296     10751320    0    0     0     0 1185 2670   4   1  95   0   0
 0  0        49752     15521028      1339296     10751540    0    0     0     4 1084 2059   2   1  97   0   0
 1  0        49752     15529232      1339296     10744196    0    0     0     0 1262 2721   3   1  96   0   0
 0  0        49752     15529588      1339296     10744796    0    0     0    40 1210 2247   2   1  97   1   0
 0  0        49752     15529928      1339304     10743940    0    0     0    60 1008 2209   2   1  97   0   0
 0  0        49752     15529808      1339304     10744288    0    0     0     0  939 2082   2   0  98   0   0
 0  0        49752     15529384      1339304     10744292    0    0     0     0 1090 2220   1   1  97   0   0
 0  0        49752     15529016      1339304     10744512    0    0     0     0 1205 5876   2   1  97   0   0
 0  0        49752     15529280      1339304     10744292    0    0     0     0  959 1975   1   1  98   0   0
 0  0        49752     15529264      1339304     10743780    0    0     0    12  991 2113   1   1  98   1   0
 0  0        49752     15529140      1339304     10744292    0    0     0     0  991 2139   1   0  98   0   0
 0  0        49752     15528956      1339304     10743780    0    0     0    84 1090 2099   1   1  98   0   0
 0  0        49752     15528720      1339304     10744292    0    0     0     0 1037 2318   2   1  97   0   0
 0  0        49752     15521576      1339304     10751500    0    0     0     0 1240 2859   3   1  96   0   0
 0  0        49752     15522460      1339304     10750744    0    0     0     0 1001 1991   1   1  98   0   0
 1  0        49752     15521932      1339304     10750744    0    0     0    12  896 2005   3   1  96   1   0
 0  0        49752     15521840      1339304     10750744    0    0     0     4 1046 2311   1   1  98   0   0
 0  0        49752     15521700      1339304     10750744    0    0     0     0 1027 5880   1   1  98   0   0
 0  0        49752     15521652      1339304     10750744    0    0     0     0  850 1959   1   1  98   0   0
 0  0        49752     15521716      1339304     10750744    0    0     0     0  940 2070   1   1  98   0   0
 0  0        49752     15521716      1339304     10750744    0    0     0     0  908 1977   1   1  98   0   0
procs -----------------------memory---------------------- ---swap-- -----io---- -system-- --------cpu--------
 r  b         swpd         free         buff        cache   si   so    bi    bo   in   cs  us  sy  id  wa  st
 2  0        49752     15521552      1339304     10750744    0    0     0    20  985 2182   1   0  98   1   0
 0  0        49752     15521684      1339304     10750744    0    0     0     0 1046 2266   2   1  97   0   0
 0  0        49752     15521296      1339304     10751620    0    0     0     8 1036 2437   2   1  98   0   0
 0  0        49752     15521112      1339304     10751664    0    0     0     0 1188 2945   3   1  95   0   0
 0  0        49752     15521500      1339304     10751664    0    0     0     0 1070 2245   2   1  97   0   0
 0  0        49752     15521164      1339304     10751664    0    0     0    12 1090 2196   2   1  98   0   0
 0  0        49752     15521648      1339304     10750872    0    0     0    24 1128 6253   1   1  97   1   0
 0  0        49752     15521468      1339304     10751396    0    0     0     0 1177 2840   2   1  97   0   0
 0  0        49752     15521964      1339304     10751164    0    0     0     0 1243 3583   2   1  97   0   0
 0  0        49752     15529436      1339304     10743856    0    0     0     0 1031 2434   1   0  98   0   0
 0  0        49752     15529272      1339304     10744000    0    0     0     0 1504 4109   3   2  95   0   0
 0  0        49752     15527420      1339304     10746056    0    0     0     0 1043 2822   2   1  97   0   0
 0  0        49752     15527296      1339304     10746080    0    0     0    32 1211 3101   3   1  96   1   0
 0  0        49752     15522080      1339304     10751172    0    0     0     0 1193 3000   3   1  96   0   0
 1  0        49752     15520988      1339304     10752064    0    0     0     0 1339 3112   5   1  94   0   0
 3  0        49752     15527812      1339304     10744616    0    0     0    24 1524 3211   6   2  93   0   0
 1  0        49752     15528476      1339304     10744312    0    0     0     0 1150 6132   3   1  96   0   0
 0  0        49752     15528568      1339304     10744092    0    0     0     0 1192 2838   3   1  96   0   0
 0  0        49752     15528540      1339304     10744092    0    0     0    12 1126 2694   3   1  96   1   0
 0  0        49752     15528476      1339304     10744092    0    0     0     0 1364 3230   4   1  95   0   0
 0  0        49752     15528668      1339304     10744096    0    0     0     0 1489 3340   4   1  94   0   0
procs -----------------------memory---------------------- ---swap-- -----io---- -system-- --------cpu--------
 r  b         swpd         free         buff        cache   si   so    bi    bo   in   cs  us  sy  id  wa  st
 2  0        49752     15528184      1339304     10744096    0    0     0     0 1406 3120   5   1  94   0   0
 1  0        49752     15527900      1339304     10744608    0    0     0     0 1273 3156   2   1  96   0   0
 3  0        49752     15527652      1339304     10744912    0    0     0     0 1082 2829   2   1  97   0   0
 0  0        49752     15527700      1339304     10744928    0    0     0    12  852 1805   2   0  97   1   0
 0  0        49752     15520856      1339304     10751304    0    0     0     0 1198 2919   2   1  97   0   0
 0  0        49752     15528248      1339304     10744372    0    0     0     0 1489 7082   3   1  96   0   0
 0  0        49752     15521260      1339304     10751392    0    0     0     0 1181 3279   3   1  96   0   0
 0  0        49752     15521548      1339304     10751168    0    0     0     0 1109 2840   2   1  97   0   0
 0  0        49752     15526908      1339304     10746108    0    0     0     0 1461 4176   4   1  95   0   0
 0  0        49752     15527848      1339304     10744312    0    0     0    12  985 2233   2   1  97   1   0
 0  0        49752     15528644      1339304     10743584    0    0     0    12 1229 3291   2   1  98   0   0
 0  0        49752     15528676      1339304     10743584    0    0     0     0 1028 2270   1   1  98   0   0
 0  0        49752     15528124      1339304     10744248    0    0     0     0 1122 2935   4   1  96   0   0
 0  0        49752     15520856      1339304     10751828    0    0     0     0 1108 2446   2   1  97   0   0
 1  0        49752     15520724      1339304     10751136    0    0     0     0 1281 3205   2   1  97   0   0
 0  0        49752     15517624      1339308     10755188    0    0     0    44 1448 7435   3   1  96   0   0
 0  0        49752     15525120      1339308     10747676    0    0     0     0 1227 3353   3   1  96   0   0
 0  0        49752     15528396      1339308     10743992    0    0     0     8 1086 2848   2   1  97   0   0
 1  0        49752     15528040      1339308     10745548    0    0     0     0 1082 2642   2   1  97   0   0
 0  0        49752     15526924      1339308     10745964    0    0     0     0 1462 4174   4   1  95   0   0
 0  0        49752     15527280      1339308     10744504    0    0     0    12  962 2007   1   0  99   0   0
procs -----------------------memory---------------------- ---swap-- -----io---- -system-- --------cpu--------
 r  b         swpd         free         buff        cache   si   so    bi    bo   in   cs  us  sy  id  wa  st
 3  0        49752     15528056      1339320     10743712    0    0     0    52 1022 2114   1   1  97   1   0
 0  0        49752     15520896      1339324     10751388    0    0     0    96 1127 2326   4   1  95   0   0
 0  0        49752     15515872      1339324     10756768    0    0     0     0 1310 3075   4   1  95   0   0
 1  0        49752     15519760      1339324     10752824    0    0     0     0 1275 2605   3   1  96   0   0
 0  0        49752     15520408      1339324     10751808    0    0     0     4 1254 6431   3   2  95   0   0
 0  0        49752     15520088      1339324     10752292    0    0     0     0 1126 2448   2   1  97   0   0
 0  0        49752     15514012      1339328     10758340    0    0     0    12 1183 2735   3   1  96   1   0
 0  0        49752     15514036      1339328     10758340    0    0     0     0 1188 2831   3   1  96   0   0
 0  0        49752     15518736      1339328     10753044    0    0     0     8 1204 2947   4   1  95   0   0
