procs -----------------------memory---------------------- ---swap-- -----io---- -system-- --------cpu--------
 r  b         swpd         free         buff        cache   si   so    bi    bo   in   cs  us  sy  id  wa  st
65 15       384344     10170120      1320440     11392080    0    0    42    47    4    2   5   1  92   3   0
59 20       384344     10170152      1320440     11392264    0    0 51168     8 82126 663670  74  24   0   2   0
72 14       384344     10170600      1320444     11391308    0    0 46768   232 65493 434114  83  17   0   0   0
68 13       384344     10171856      1320460     11392320    0    0 56512   112 60726 385789  84  15   0   1   0
86 16       384344     10170492      1320460     11392260    0    0 47584    40 72382 532511  79  20   0   1   0
80 18       384344     10170092      1320464     11391748    0    0 56256    36 59444 329130  86  14   0   0   0
83 15       384344     10166700      1320464     11392260    0    0 58976    96 62050 406886  83  17   0   1   0
72 19       384344     10169692      1320464     11391760    0    0 48784     0 72183 387571  84  16   0   0   0
76 16       384344     10169088      1320464     11392272    0    0 60624     0 59916 351668  86  14   0   1   0
74 13       384344     10167868      1320464     11392272    0    0 50960     0 66571 455958  81  17   0   1   0
71 12       384344     10167216      1320468     11391760    0    0 42080    12 73604 492577  80  19   0   1   0
84 16       384344     10168408      1320468     11392276    0    0 41456     0 60520 367486  85  15   0   0   0
68 15       384344     10168512      1320468     11391764    0    0 36016     0 70683 419948  83  16   0   0   0
88 15       384344     10167976      1320468     11392276    0    0 38800     0 68447 437984  83  16   0   0   0
99 11       384344     10167816      1320468     11392276    0    0 34704     0 65272 381443  84  15   0   1   0
116  7       384344     10170176      1320468     11391764    0    0 37664     0 68091 426038  82  17   0   1   0
89 15       384344     10167368      1320472     11392276    0    0 43328    28 71511 508328  80  19   0   0   0
86  8       384344     10165524      1320472     11392276    0    0 48304     0 73132 489322  80  19   0   1   0
54 38       384344     10165304      1320472     11392276    0    0 58832     0 56808 321740  85  14   0   1   0
42 34       384344     10167908      1320472     11392276    0    0 63984     0 64914 431664  81  16   0   2   0
75 22       384344     10168168      1320472     11391768    0    0 60080     0 72837 546303  77  18   0   5   0
procs -----------------------memory---------------------- ---swap-- -----io---- -system-- --------cpu--------
 r  b         swpd         free         buff        cache   si   so    bi    bo   in   cs  us  sy  id  wa  st
77 28       384344     10167680      1320476     11392280    0    0 57296    32 67440 396929  82  17   0   1   0
62 31       384344     10166176      1320476     11392280    0    0 58656    36 68705 391683  84  15   0   1   0
31 30       384344     10168624      1320476     11392280    0    0 53936   276 64455 436194  82  17   0   1   0
92 15       384344     10168588      1320476     11392280    0    0 54640     0 63938 389195  83  15   0   2   0
83 18       384344     10171004      1320476     11391880    0    0 55744     0 61575 400146  83  16   0   1   0
76 15       384344     10170632      1320484     11392392    0    0 40544   208 69465 424917  83  16   0   1   0
86 18       384344     10169108      1320488     11392392    0    0 54320    20 62739 308908  86  14   0   1   0
33 20       384344     10168096      1320488     11392392    0    0 57328     0 72057 500479  80  18   0   2   0
55 25       384344     10169784      1320488     11392392    0    0 46304     0 78491 615519  74  26   0   0   0
61 24       384344     10167616      1320488     11391884    0    0 58448     0 68533 419640  81  17   0   2   0
53 26       384344     10168040      1320488     11392392    0    0 50864     8 70501 521394  79  20   0   1   0
82 17       384344     10169128      1320488     11392392    0    0 60496     8 59566 359146  83  16   0   1   0
87 15       384088     10171408      1320504     11392396    0    0 53872   280 65049 382275  84  16   0   1   0
62 32       384088     10169392      1320504     11392396    0    0 45296     0 70338 406439  82  16   0   1   0
68 25       384088     10169904      1320504     11391888    0    0 44880     0 63218 329422  85  15   0   0   0
73 26       384088     10169888      1320504     11392400    0    0 50816   208 66770 438594  81  18   0   1   0
95 13       384088     10163112      1320512     11401052    0    0 55472    84 64957 406008  83  17   0   0   0
69 28       384088     10161960      1320516     11402360    0    0 39072    20 58126 348536  84  14   0   1   0
88 16       384088     10162364      1320516     11400312    0    0 61408     0 59842 363803  84  15   0   1   0
102 12       384088     10168440      1320516     11392736    0    0 40240     0 45916 226130  89  11   0   0   0
97 21       384088     10170680      1320536     11389968    0    0 29728   212 45436 300507  85  13   0   1   0
procs -----------------------memory---------------------- ---swap-- -----io---- -system-- --------cpu--------
 r  b         swpd         free         buff        cache   si   so    bi    bo   in   cs  us  sy  id  wa  st
92 18       384088     10167944      1320536     11389708    0    0 32976   156 41939 225014  89  10   0   0   0
113  9       384088     10160828      1320536     11395372    0    0 25328    12 45159 287833  86  14   0   0   0
73 20       384088     10159884      1320536     11395492    0    0 34544    12 35033 143195  93   7   0   0   0
105  7       384088     10166016      1320544     11387220    0    0 41120  5440 33628 141744  92   7   0   0   0
72 30       384088     10194792      1320544     11356256    0    0 35888     0 29995 124039  91   8   0   0   0
107 13       384088     10183752      1320544     11364760    0    0 34992     4 37955 162338  91   9   0   0   0
99 14       384088     10169652      1320548     11377648    0    0 31888   436 31113 128710  93   7   0   0   0
80 36       384088     10162420      1320548     11385532    0    0 33504     0 30096 154281  93   6   0   0   0
89 11       384088     10155624      1320548     11386860    0    0 35984 41252 35781 183466  90   9   0   0   0
76 23       384088     10142480      1320560     11387372    0    0 66016    40 55732 346558  83  17   0   1   0
90 15       384088     10140992      1320560     11387372    0    0 62896     0 71132 466560  79  18   0   2   0
53 30       384088     10141256      1320560     11386860    0    0 58032    48 67313 386451  82  16   0   1   0
88 17       384088     10140544      1320560     11387516    0    0 47536   572 58696 394086  83  17   0   0   0
71 18       384088     10142604      1320560     11387268    0    0 59648     0 52670 256141  89  10   0   1   0
73 17       384088     10139248      1320560     11387784    0    0 48496     0 60492 361506  84  15   0   1   0
74 20       384088     10139820      1320560     11388072    0    0 49296   328 66262 483491  76  22   0   1   0
73 20       384088     10140028      1320560     11388084    0    0 41280    12 62648 419291  82  17   0   1   0
72 28       384088     10165240      1320560     11365400    0    0 47872  5264 56038 349794  85  15   0   1   0
69 15       384088     10143232      1320560     11387076    0    0 44976 41252 66613 480354  80  20   0   0   0
63 16       383832     10141196      1320560     11387368    0    0 34992     0 61211 375790  84  15   0   1   0
49 25       383576     10140748      1320560     11387648    0    0 40160     8 59119 412728  82  17   0   1   0
procs -----------------------memory---------------------- ---swap-- -----io---- -system-- --------cpu--------
 r  b         swpd         free         buff        cache   si   so    bi    bo   in   cs  us  sy  id  wa  st
78 15       383576     10140036      1320564     11387520    0    0 35024    68 66048 370401  86  14   0   1   0
79 16       383576     10140300      1320568     11387236    0    0 33120   392 71361 449292  83  16   0   1   0
87 15       383576     10133308      1320572     11394648    0    0 51824    68 53531 296919  86  13   0   0   0
87 13       383576     10133324      1320572     11394648    0    0 51632     0 66657 467527  80  18   0   2   0
62 23       383576     10141080      1320572     11386968    0    0 45936   432 53368 350629  85  14   0   1   0
72 17       383576     10141156      1320572     11387480    0    0 43360    24 64471 467838  80  18   1   1   0
60 16       383576     10141500      1320572     11387608    0    0 55504     8 60639 348477  86  14   0   0   0
55 33       383576     10141344      1320572     11387096    0    0 62880     0 64859 399315  84  15   0   1   0
73 13       383576     10140716      1320572     11387608    0    0 45472     0 60155 377198  82  16   1   1   0
52 20       383576     10140724      1320572     11387608    0    0 53888   236 66055 469597  81  18   0   0   0
92 11       383576     10142520      1320572     11387096    0    0 59584    12 57539 392997  84  15   0   1   0
101  7       383576     10142236      1320572     11387388    0    0 48480     0 67721 422419  83  16   0   0   0
90 19       383576     10142348      1320572     11387608    0    0 54176     0 65505 478241  80  18   0   2   0
83 14       383320     10142476      1320580     11387624    0    0 48368   156 77167 613171  76  21   0   3   0
44 28       383320     10142972      1320580     11387388    0    0 50464  2016 64398 441088  81  19   0   1   0
76 16       383320     10142628      1320580     11387608    0    0 45776     0 56914 375388  84  15   0   1   0
86 12       383320     10143104      1320580     11387608    0    0 51120    12 64320 369512  85  15   0   1   0
76 26       383320     10143528      1320580     11387096    0    0 50928     0 57954 268169  89  11   0   0   0
71 17       383320     10143808      1320580     11387608    0    0 50848     0 64264 402921  82  17   0   1   0
61 25       383320     10143496      1320580     11387608    0    0 54272     0 73476 367686  84  16   0   0   0
70 13       383320     10143512      1320580     11387096    0    0 44944    44 76142 519291  79  19   0   1   0
procs -----------------------memory---------------------- ---swap-- -----io---- -system-- --------cpu--------
 r  b         swpd         free         buff        cache   si   so    bi    bo   in   cs  us  sy  id  wa  st
92 10       383320     10143080      1320580     11387608    0    0 47936     0 55056 255997  88  12   0   0   0
55 24       383320     10143096      1320580     11387608    0    0 40304    12 64512 388732  84  16   0   0   0
60 18       383320     10143468      1320580     11387096    0    0 45200     0 57219 340061  85  14   0   0   0
75 15       383320     10143188      1320580     11387388    0    0 44928 54688 74957 589156  77  22   0   1   0
63 13       383320     10143856      1320580     11387480    0    0 39120   140 76642 425036  84  16   0   0   0
80 15       383320     10143932      1320580     11387480    0    0 58272     0 68943 430720  84  15   0   1   0
94 14       383320     10143588      1320580     11386968    0    0 45280    12 68387 486179  79  19   0   2   0
60 18       383320     10143392      1320580     11387480    0    0 54224     0 69091 471144  79  20   0   0   0
81 15       383320     10142760      1320580     11387760    0    0 61040     0 60302 348809  84  15   0   1   0
105  5       383320     10141764      1320580     11387248    0    0 38352 35908 70695 507998  78  21   0   1   0
72 23       383320     10141876      1320580     11386852    0    0 47456     0 61183 374880  84  14   0   2   0
74 28       383320     10142096      1320584     11387368    0    0 44960    20 65005 335236  84  15   0   0   0
78 16       383320     10142052      1320584     11387076    0    0 47344     0 72320 498125  80  19   0   1   0
78 21       383320     10144036      1320584     11386856    0    0 54080     0 72851 510063  80  19   0   0   0
54 23       383320     10142908      1320596     11386844    0    0 45328   412 65896 409068  83  16   0   0   0
81 15       383320     10142552      1320596     11386860    0    0 53808     0 59284 323686  87  12   0   1   0
60 25       383320     10142060      1320604     11386860    0    0 43088    20 68194 438741  82  16   0   2   0
47 21       383320     10144828      1320604     11386860    0    0 38304     0 71375 555330  77  20   0   2   0
69 16       383320     10143328      1320604     11387000    0    0 41456     0 67033 468057  79  19   0   1   0
46 24       383320     10142616      1320604     11387512    0    0 44272     0 68732 382231  85  14   0   1   0
85 19       383320     10142732      1320604     11387080    0    0 50816     8 75479 514733  80  20   0   1   0
procs -----------------------memory---------------------- ---swap-- -----io---- -system-- --------cpu--------
 r  b         swpd         free         buff        cache   si   so    bi    bo   in   cs  us  sy  id  wa  st
92 12       383320     10144476      1320612     11387372    0    0 55840    20 72146 481069  81  18   0   1   0
78 14       383320     10141932      1320612     11387372    0    0 51264     0 64293 397366  84  15   0   1   0
84 19       383320     10141976      1320612     11387628    0    0 47984     0 64336 316517  86  14   0   0   0
44 27       383320     10142144      1320612     11387628    0    0 40928   184 72919 452725  83  17   0   1   0
77 24       383320     10145444      1320612     11387372    0    0 40176     0 59063 372603  85  14   0   0   0
79 12       383320     10145752      1320616     11386860    0    0 39024    12 67369 465238  81  17   0   1   0
70 17       383320     10144576      1320616     11386860    0    0 54320     0 69938 478701  81  18   0   1   0
66 19       383320     10143784      1320616     11386860    0    0 51680     0 66911 436171  81  18   0   1   0
78 18       383320     10143024      1320616     11387372    0    0 60336     0 55405 315309  87  13   0   0   0
77 21       383320     10142516      1320616     11387372    0    0 60960   312 58482 345134  85  13   0   2   0
43 29       383320     10142852      1320624     11387080    0    0 59840    12 69929 469715  81  18   0   1   0
94 15       383320     10143004      1320624     11386860    0    0 64032     0 67828 429980  82  16   0   1   0
96 14       383320     10141048      1320624     11387372    0    0 49072     0 56293 294952  87  12   0   1   0
84 12       383320     10141600      1320624     11387084    0    0 44624   344 56590 273148  88  12   0   0   0
81 16       383320     10141644      1320624     11386864    0    0 51568     0 72224 298116  89  11   0   0   0
66 28       383320     10141352      1320628     11386868    0    0 42928    12 58303 378252  83  16   0   1   0
98 10       383320     10142064      1320628     11386868    0    0 45056     0 51469 288955  88  12   0   1   0
77 20       383320     10142112      1320628     11386928    0    0 47488     0 61778 364677  85  13   0   1   0
40 28       383320     10144992      1320644     11386912    0    0 57072   136 55591 315574  86  13   0   1   0
97 11       383320     10143980      1320644     11386856    0    0 52464     0 65373 441461  82  17   0   1   0
90 13       383320     10143000      1320648     11387368    0    0 67776    12 59767 291607  86  13   0   1   0
procs -----------------------memory---------------------- ---swap-- -----io---- -system-- --------cpu--------
 r  b         swpd         free         buff        cache   si   so    bi    bo   in   cs  us  sy  id  wa  st
79 22       383320     10143284      1320648     11387076    0    0 61184     8 69076 452300  79  18   0   2   0
52 24       383320     10145764      1320648     11386856    0    0 39456     0 66471 460916  82  17   0   1   0
94 15       383320     10144668      1320648     11386856    0    0 41904    96 76992 428506  84  16   0   0   0
69 27       383320     10144468      1320648     11386856    0    0 53328     0 60647 351913  84  15   0   0   0
69 23       383320     10144092      1320648     11386604    0    0 55504     0 71570 496264  80  18   0   2   0
59 22       383320     10145628      1320648     11386600    0    0 39936    20 76764 541771  78  21   0   1   0
82 22       383320     10144100      1320648     11386604    0    0 52992     0 58979 337984  85  14   0   1   0
93 13       383320     10143808      1320648     11387116    0    0 65968     0 68136 466773  79  18   0   3   0
81 22       383320     10143792      1320648     11386828    0    0 54544     0 66964 446953  82  18   0   0   0
64 29       383320     10145372      1320648     11386608    0    0 62304     0 65595 411137  83  15   0   1   0
86 12       383320     10143948      1320652     11386608    0    0 54992    12 72091 523875  79  19   0   2   0
69 21       383320     10143996      1320652     11386608    0    0 55808     0 67131 406154  84  16   0   1   0
53 22       383320     10143956      1320652     11386580    0    0 46656     0 72018 502655  79  19   0   2   0
42 31       383320     10145660      1320668     11386592    0    0 54896   148 65084 339139  86  13   0   1   0
43 20       383320     10143784      1320668     11386608    0    0 40496     8 72124 536717  78  20   0   1   0
90 14       383320     10143276      1320672     11387120    0    0 44688    68 77750 538224  80  19   0   1   0
93 17       383320     10143332      1320680     11386836    0    0 45488    40 72723 431819  83  15   0   1   0
73 20       383320     10143336      1320680     11386616    0    0 46128     0 60699 373401  85  15   0   0   0
65 30       383320     10145136      1320680     11386616    0    0 48176    16 62647 339696  86  13   0   1   0
42 25       383320     10143352      1320680     11386616    0    0 54512    36 60891 424539  83  16   0   1   0
82 18       383320     10143148      1320680     11386616    0    0 54272     0 63814 390721  83  15   0   1   0
procs -----------------------memory---------------------- ---swap-- -----io---- -system-- --------cpu--------
 r  b         swpd         free         buff        cache   si   so    bi    bo   in   cs  us  sy  id  wa  st
42 35       383320     10142748      1320684     11386616    0    0 53632    12 61213 317815  86  13   0   1   0
80 17       383320     10144160      1320684     11386616    0    0 60320     0 60523 382450  83  15   0   2   0
88 19       383320     10142328      1320684     11386968    0    0 72768   136 61875 337383  86  13   0   1   0
65 25       383320     10142512      1320684     11386676    0    0 52160     0 65717 367419  83  16   0   0   0
92 14       383320     10142448      1320684     11386456    0    0 50768     0 64027 354372  86  14   0   0   0
97 11       383320     10143696      1320684     11386456    0    0 52320     0 48509 251285  88  12   0   1   0
89 11       383320     10144520      1320688     11386456    0    0 48960    12 62193 318579  87  13   0   0   0
97 11       383320     10142776      1320688     11387480    0    0 59936    80 65293 346269  84  15   0   0   0
65 24       383320     10142744      1320688     11387188    0    0 55808     0 64788 360301  83  16   0   1   0
94 11       383320     10145068      1320688     11386456    0    0 45952     8 62459 433547  82  17   0   1   0
86 14       383320     10144412      1320688     11386968    0    0 52928     0 55689 282274  88  12   0   0   0
78 14       383320     10143872      1320688     11387480    0    0 54768     0 71921 436524  81  18   0   1   0
77 11       383320     10142152      1320692     11387900    0    0 38064    12 71185 530910  78  22   0   0   0
63 22       383320     10135904      1320692     11393900    0    0 42224     0 78231 502658  79  21   0   0   0
55 33       383320     10135632      1320692     11394544    0    0 51168     8 60621 344268  87  13   0   0   0
82 12       383320     10145024      1320692     11386660    0    0 48928     0 58303 400979  82  17   0   1   0
67 16       383320     10142916      1320692     11387376    0    0 39920     0 80498 366435  87  13   0   0   0
86 26       383320     10136276      1320696     11394032    0    0 48416    20 65469 389022  84  15   0   1   0
78 19       383320     10143544      1320696     11386744    0    0 52656     4 70943 496654  80  19   0   1   0
75 21       383320     10143548      1320696     11388516    0    0 48704     0 65391 423096  82  17   0   1   0
73 24       383320     10141368      1320696     11387920    0    0 41008     0 64290 354026  85  14   0   0   0
procs -----------------------memory---------------------- ---swap-- -----io---- -system-- --------cpu--------
 r  b         swpd         free         buff        cache   si   so    bi    bo   in   cs  us  sy  id  wa  st
70 26       383320     10140976      1320696     11387400    0    0 43376     0 71191 477603  81  19   0   1   0
57 17       383320     10140904      1320696     11387016    0    0 50816    24 75074 574153  77  22   0   1   0
91 11       383320     10143584      1320696     11387036    0    0 46640     0 77708 597250  75  25   0   0   0
69 18       383320     10142612      1320696     11386840    0    0 44416     0 80001 558886  76  22   0   1   0
79 12       383320     10142356      1320700     11387236    0    0 52176   200 66575 433694  83  16   0   1   0
88  9       383320     10140884      1320708     11388256    0    0 43088    44 62853 426814  81  18   0   1   0
44 12       383320     10134872      1320708     11395944    0    0 39184    12 73502 554962  77  22   0   1   0
85 13       383320     10129360      1320708     11401652    0    0 42560    44 64883 443120  81  19   0   0   0
65 30       383320     10127896      1320708     11401284    0    0 48336     0 62703 400875  82  17   0   1   0
87 16       383064     10127740      1320708     11401616    0    0 38688     0 65583 380911  84  15   0   0   0
87 16       383064     10127920      1320708     11401648    0    0 48944     0 50260 229419  89  11   0   0   0
93  9       383064     10127768      1320708     11401648    0    0 53728   140 62580 351752  84  15   0   1   0
58 10       383064     10126308      1320708     11401648    0    0 67520     0 60910 251210  88  12   0   0   0
41 30       383064     10133572      1320708     11394640    0    0 58736     0 60700 355617  85  14   0   1   0
70 30       383064     10142596      1320708     11386948    0    0 52480     0 68517 448946  80  17   0   3   0
58 21       383064     10135892      1320708     11394320    0    0 49968     0 57121 332792  85  14   0   1   0
48 17       383064     10127588      1320716     11401648    0    0 38400    32 69382 442996  82  18   0   0   0
86 19       383064     10133856      1320720     11394640    0    0 46528    28 75588 459209  82  16   0   1   0
58 27       383064     10134692      1320720     11395504    0    0 52800     0 66390 476967  80  17   0   3   0
74 29       383064     10127104      1320720     11402964    0    0 61760     8 62085 306053  87  13   0   0   0
67 16       383064     10126856      1320720     11401428    0    0 63536     0 69575 468556  79  19   0   1   0
procs -----------------------memory---------------------- ---swap-- -----io---- -system-- --------cpu--------
 r  b         swpd         free         buff        cache   si   so    bi    bo   in   cs  us  sy  id  wa  st
64 27       383064     10126576      1320720     11401648    0    0 44592    12 53293 342787  85  14   0   1   0
62 17       383064     10124800      1320724     11404720    0    0 47696    20 78136 363259  86  13   0   1   0
35 29       383064     10127660      1320724     11401648    0    0 49840     0 67243 433303  82  18   0   1   0
71 13       383064     10127916      1320724     11401648    0    0 47168     4 59136 385270  83  16   0   1   0
92 18       383064     10126584      1320724     11401648    0    0 39232    12 73356 449964  82  17   0   1   0
97 11       383064     10125540      1320724     11402672    0    0 55216     0 58179 392161  83  16   0   1   0
93 14       383064     10126716      1320724     11401648    0    0 54272    16 57064 388182  83  16   0   1   0
85 15       383064     10128564      1320724     11401648    0    0 63120     0 64646 394115  83  15   0   3   0
89 16       383064     10135264      1320724     11394056    0    0 43616    16 74015 520196  79  19   0   2   0
36 33       383064     10141092      1320724     11387840    0    0 46736     0 55000 258747  88  11   0   1   0
65 30       383064     10141328      1320724     11387776    0    0 45360     0 63370 377966  85  15   0   0   0
66 22       383064     10142504      1320728     11386888    0    0 42880    12 71540 541217  76  23   0   1   0
72 29       383064     10135836      1320728     11394432    0    0 47424     0 73380 568420  77  22   0   1   0
92 12       383064     10112592      1320752     11396736    0    0 45248   192 63798 405122  82  17   0   1   0
65 21       383064     10098296      1320760     11404544    0    0 53744   164 59240 368816  84  13   0   3   0
80 15       383064     10088652      1320772     11404428    0    0 52160   288 67227 458773  78  19   0   2   0
96 15       383064     10101460      1320796     11390672    0    0 49296   476 61567 335733  86  14   0   1   0
59 32       383064     10092752      1320888     11397604    0    0 60448   836 55086 314189  85  14   0   1   0
87 16       383064     10090644      1320888     11398888    0    0 63424   112 50618 203028  90   9   0   0   0
90 16       383064     10090268      1320888     11399400    0    0 65856     0 56010 313792  85  13   0   2   0
50 21       383064     10084384      1320888     11405108    0    0 55312     0 66562 409326  83  15   0   1   0
procs -----------------------memory---------------------- ---swap-- -----io---- -system-- --------cpu--------
 r  b         swpd         free         buff        cache   si   so    bi    bo   in   cs  us  sy  id  wa  st
82 12       383064     10084164      1320892     11404872    0    0 52784    12 66596 466004  80  20   0   0   0
59 21       383064     10083628      1320892     11404872    0    0 43632    28 76864 568878  75  22   0   3   0
50 33       383064     10091372      1320896     11397288    0    0 52000   164 63235 357274  85  14   0   1   0
74 18       383064     10098760      1320896     11391300    0    0 46064     0 58532 372600  85  14   0   0   0
91 15       383064     10103332      1320896     11391032    0    0 43664    16 62828 380752  85  14   0   1   0
71 24       383064     10104436      1320900     11390196    0    0 41504   328 78352 514756  79  19   0   1   0
91 16       383064     10097976      1320900     11397652    0    0 49696   128 51471 215088  90   9   0   0   0
81 26       383064     10100020      1320900     11397728    0    0 43728     0 55424 337848  84  14   0   1   0
87 16       383064     10100584      1320900     11396960    0    0 46832     0 66877 324460  86  13   0   0   0
92 16       383064     10106056      1320900     11389952    0    0 50976     0 67617 425192  82  16   0   2   0
69 15       383064     10105636      1320904     11389780    0    0 46640    12 58383 368641  84  15   0   1   0
87 17       383064     10116660      1320904     11387736    0    0 52096     0 69213 476618  81  18   0   1   0
66 19       383064     10141652      1320904     11384784    0    0 55712     0 60961 339494  86  13   0   1   0
98 10       383064     10141480      1320920     11384916    0    0 50960   988 57121 321013  86  13   0   1   0
49 30       383064     10140644      1320924     11384456    0    0 54512  1588 63564 366130  85  14   0   2   0
68 18       383064     10140572      1320924     11384436    0    0 47024     0 67276 431579  83  15   0   2   0
64 22       383064     10140080      1320928     11384944    0    0 51696    24 58727 331411  86  13   0   1   0
63 24       383064     10140244      1320928     11384632    0    0 48576     0 69749 402902  84  16   0   0   0
62 26       383064     10139412      1320928     11384412    0    0 47968     0 70085 395723  85  15   0   1   0
57 29       383064     10138648      1320928     11384412    0    0 47840     0 82352 721820  72  27   0   1   0
33 21       383064     10141704      1320928     11384412    0    0 47712     0 64966 480822  80  19   0   1   0
procs -----------------------memory---------------------- ---swap-- -----io---- -system-- --------cpu--------
 r  b         swpd         free         buff        cache   si   so    bi    bo   in   cs  us  sy  id  wa  st
88 12       383064     10141784      1320932     11384412    0    0 43232    12 80594 636749  75  24   0   1   0
57 22       383064     10140080      1320936     11384396    0    0 54192   156 67270 468475  79  19   0   2   0
56 26       383064     10140096      1320936     11384396    0    0 49888     0 66352 449397  81  18   0   1   0
63 14       383064     10142664      1320936     11384516    0    0 55856   276 64764 294801  88  12   0   0   0
67 23       383064     10142960      1320940     11384516    0    0 46368   344 58776 346154  85  14   0   1   0
97 11       383064     10141132      1320944     11384516    0    0 41984    56 64442 388432  83  15   0   1   0
73 21       383064     10140852      1320944     11384516    0    0 41696    36 62419 328332  87  13   0   0   0
63 23       383064     10142388      1320944     11384516    0    0 51360     0 75765 357240  85  15   0   0   0
99 11       383064     10141724      1320944     11384516    0    0 49088     0 58539 303727  85  15   0   0   0
83 11       383064     10139256      1320944     11385028    0    0 41088     0 65359 320952  87  13   0   0   0
87 14       383064     10139460      1320948     11384520    0    0 46672   268 63021 412726  83  16   0   1   0
87 13       383064     10142140      1320948     11384836    0    0 47136     8 59995 346266  86  12   0   1   0
99 14       383064     10134860      1320948     11392072    0    0 50736     0 61731 326738  87  13   0   1   0
98 12       383064     10143240      1320948     11384844    0    0 54816     0 64682 410246  82  17   0   1   0
65 20       383064     10141712      1320948     11385172    0    0 45376     0 71861 491839  78  21   0   1   0
73 17       383064     10141892      1320952     11385464    0    0 51296   456 60599 316051  86  12   0   1   0
82 22       383064     10134680      1320952     11392652    0    0 59104     0 70368 411817  83  16   0   0   0
52 25       383064     10144028      1320952     11384540    0    0 47904     0 63297 325791  86  13   0   1   0
88 12       383064     10142912      1320952     11384540    0    0 47664     0 60103 392778  85  15   0   1   0
80 15       383064     10142548      1320952     11385332    0    0 46144     0 58775 343487  86  12   0   1   0
82 24       383064     10142156      1320956     11385460    0    0 58000    16 65107 379863  84  16   0   1   0
procs -----------------------memory---------------------- ---swap-- -----io---- -system-- --------cpu--------
 r  b         swpd         free         buff        cache   si   so    bi    bo   in   cs  us  sy  id  wa  st
82 16       383064     10136728      1320956     11392348    0    0 63488     0 63398 355436  85  14   0   1   0
83 21       383064     10141392      1320956     11385620    0    0 62144     0 64655 401050  82  15   0   2   0
70 18       383064     10134648      1320956     11392336    0    0 58480    20 62141 357711  84  15   0   1   0
88 21       383064     10141520      1320956     11385400    0    0 65968     0 59760 377681  84  15   0   1   0
66 19       383064     10136984      1320960     11392628    0    0 39968    28 66949 435522  83  17   0   1   0
89 16       383064     10136996      1320960     11392628    0    0 36288     0 78934 471791  82  18   0   0   0
63 24       383064     10135220      1320960     11392348    0    0 49536     0 71490 469118  80  20   0   0   0
51 28       383064     10135096      1320960     11392056    0    0 44688     0 65632 353942  85  15   0   0   0
52 34       383064     10136232      1320960     11392348    0    0 56656     0 62533 273534  88  11   0   0   0
77 18       383064     10136820      1320964     11392056    0    0 44240    28 66676 429612  84  16   0   1   0
55 30       383064     10135192      1320964     11392348    0    0 61104     0 62897 311423  87  12   0   1   0
76 21       383064     10135192      1320964     11392348    0    0 70064     0 58080 326061  86  13   0   1   0
75 23       383064     10136588      1320964     11391836    0    0 46848     0 69065 387090  83  15   0   1   0
86 12       383064     10135332      1320964     11392352    0    0 51760   276 63151 335151  85  14   0   0   0
88 19       383064     10134636      1320968     11392060    0    0 45328    12 66696 378415  82  17   0   0   0
83 22       383064     10134140      1320968     11392132    0    0 51744    40 68365 388185  84  16   0   0   0
94 14       383064     10135248      1320968     11392352    0    0 53648     0 53074 296545  86  13   0   1   0
66 28       383064     10135272      1320968     11391840    0    0 57008     0 64069 323755  86  14   0   0   0
82 16       383064     10133188      1320968     11392352    0    0 52320     0 74421 579617  77  22   0   1   0
64 21       383064     10133680      1320980     11392056    0    0 47120   212 71197 507016  78  21   0   1   0
83 24       383064     10134652      1320984     11392128    0    0 51072   156 71580 408501  84  15   0   0   0
procs -----------------------memory---------------------- ---swap-- -----io---- -system-- --------cpu--------
 r  b         swpd         free         buff        cache   si   so    bi    bo   in   cs  us  sy  id  wa  st
63 22       383064     10134752      1320984     11392352    0    0 45056     0 69812 459037  81  18   0   1   0
74 20       383064     10133944      1320992     11392052    0    0 41376    84 59678 339765  86  13   0   0   0
85 10       383064     10133744      1320992     11392340    0    0 42560     0 81961 643278  73  24   0   3   0
86 11       383064     10135844      1320996     11391828    0    0 42704    12 59051 373431  83  15   0   1   0
83 23       383064     10135532      1320996     11392120    0    0 42896   136 67541 385090  84  16   0   0   0
67 24       382808     10133560      1320996     11392480    0    0 46720     8 68750 421949  83  16   0   1   0
62 23       382808     10133368      1320996     11392188    0    0 47648     0 58839 326215  87  13   0   0   0
42 25       382808     10134284      1320996     11392480    0    0 47872     0 65155 421823  83  15   0   2   0
87 16       382808     10134764      1321000     11391968    0    0 58544    12 70267 433320  82  16   0   2   0
62 34       382808     10134892      1321000     11391968    0    0 71104     0 64666 390814  84  14   0   3   0
75 23       382808     10132740      1321000     11392480    0    0 76560   152 61177 418114  81  18   0   2   0
25 36       382808     10133144      1321000     11392188    0    0 59936     0 69175 463442  80  18   0   2   0
73 18       382808     10132444      1321000     11392480    0    0 42704     8 75012 564029  78  21   0   1   0
89 13       382808     10132892      1321000     11391968    0    0 52320     0 59766 362897  83  16   0   1   0
50 30       382808     10132328      1321008     11391968    0    0 51168    24 67591 418759  82  17   0   1   0
64 22       382808     10132100      1321008     11392480    0    0 54080     0 68258 422156  83  17   0   0   0
69 12       382808     10134300      1321008     11392200    0    0 58992     0 63450 369499  84  16   0   1   0
33 30       382808     10133920      1321008     11392480    0    0 56032    12 51167 230343  90  10   0   0   0
91 14       382808     10133412      1321008     11392188    0    0 48896     0 56316 318669  86  14   0   1   0
42 20       382808     10133664      1321012     11391968    0    0 39184    16 77935 620132  74  24   0   2   0
93 14       382808     10135000      1321012     11392480    0    0 44608     0 69829 414519  83  17   0   0   0
procs -----------------------memory---------------------- ---swap-- -----io---- -system-- --------cpu--------
 r  b         swpd         free         buff        cache   si   so    bi    bo   in   cs  us  sy  id  wa  st
89  8       382808     10135556      1321012     11392188    0    0 44864     0 60948 406091  83  16   0   1   0
90 12       382808     10134168      1321012     11392480    0    0 38304     0 68548 491517  79  21   0   0   0
71 16       382808     10150424      1321024     11384812    0    0 38064    48 56886 289622  88  12   0   0   0
71 19       382808     10145072      1321028     11391888    0    0 36128    12 66882 456580  82  17   0   1   0
85 11       382808     10144760      1321028     11392400    0    0 36256    36 67173 331993  86  14   0   0   0
64 16       382808     10151956      1321028     11384804    0    0 39472     0 69347 397051  84  15   0   1   0
44 17       382808     10142380      1321028     11392376    0    0 30288     0 64749 354411  87  13   0   0   0
85 14       382808     10143348      1321028     11392108    0    0 44976     0 51020 256823  90  10   0   0   0
69 16       382808     10142952      1321032     11392240    0    0 46064   156 54096 280830  88  11   0   1   0
