Running 5m test @ http://localhost:5000
  1 threads and 1 connections
  Thread calibration: mean lat.: 674.880ms, rate sampling interval: 2095ms
  Thread Stats   Avg      Stdev     Max   +/- Stdev
    Latency   381.93ms  202.80ms   1.67s    71.03%
    Req/Sec     0.13      0.34     1.00    100.00%
  Latency Distribution (HdrHistogram - Recorded Latency)
 50.000%  402.94ms
 75.000%  519.42ms
 90.000%  614.40ms
 99.000%  875.52ms
 99.900%    1.67s 
 99.990%    1.67s 
 99.999%    1.67s 
100.000%    1.67s 

  Detailed Percentile spectrum:
       Value   Percentile   TotalCount 1/(1-Percentile)

       7.751     0.000000            1         1.00
      96.127     0.100000           29         1.11
     227.583     0.200000           58         1.25
     266.751     0.300000           87         1.43
     339.199     0.400000          116         1.67
     402.943     0.500000          145         2.00
     420.863     0.550000          160         2.22
     443.391     0.600000          174         2.50
     468.991     0.650000          189         2.86
     498.687     0.700000          203         3.33
     519.423     0.750000          218         4.00
     530.943     0.775000          225         4.44
     538.111     0.800000          232         5.00
     546.815     0.825000          240         5.71
     565.247     0.850000          247         6.67
     576.511     0.875000          254         8.00
     598.015     0.887500          258         8.89
     614.399     0.900000          261        10.00
     618.495     0.912500          265        11.43
     622.591     0.925000          270        13.33
     624.127     0.937500          272        16.00
     627.711     0.943750          275        17.78
     639.487     0.950000          276        20.00
     648.703     0.956250          278        22.86
     662.015     0.962500          280        26.67
     670.207     0.968750          281        32.00
     689.151     0.971875          282        35.56
     693.247     0.975000          283        40.00
     726.527     0.978125          284        45.71
     751.615     0.981250          285        53.33
     835.071     0.984375          286        64.00
     835.071     0.985938          286        71.11
     875.519     0.987500          287        80.00
     875.519     0.989062          287        91.43
     943.103     0.990625          288       106.67
     943.103     0.992188          288       128.00
     943.103     0.992969          288       142.22
    1021.439     0.993750          289       160.00
    1021.439     0.994531          289       182.86
    1021.439     0.995313          289       213.33
    1021.439     0.996094          289       256.00
    1021.439     0.996484          289       284.44
    1672.191     0.996875          290       320.00
    1672.191     1.000000          290          inf
#[Mean    =      381.933, StdDeviation   =      202.804]
#[Max     =     1671.168, Total count    =          290]
#[Buckets =           27, SubBuckets     =         2048]
----------------------------------------------------------

  Latency Distribution (HdrHistogram - Uncorrected Latency (measured without taking delayed starts into account))
 50.000%  400.38ms
 75.000%  517.12ms
 90.000%  607.74ms
 99.000%  833.02ms
 99.900%    1.67s 
 99.990%    1.67s 
 99.999%    1.67s 
100.000%    1.67s 

  Detailed Percentile spectrum:
       Value   Percentile   TotalCount 1/(1-Percentile)

       6.679     0.000000            1         1.00
      94.847     0.100000           29         1.11
     226.431     0.200000           58         1.25
     266.495     0.300000           87         1.43
     338.175     0.400000          116         1.67
     400.383     0.500000          145         2.00
     419.839     0.550000          160         2.22
     440.319     0.600000          174         2.50
     466.943     0.650000          189         2.86
     496.639     0.700000          203         3.33
     517.119     0.750000          218         4.00
     528.895     0.775000          225         4.44
     537.087     0.800000          233         5.00
     542.719     0.825000          240         5.71
     562.175     0.850000          247         6.67
     574.463     0.875000          254         8.00
     592.383     0.887500          258         8.89
     607.743     0.900000          261        10.00
     616.447     0.912500          265        11.43
     621.567     0.925000          271        13.33
     622.079     0.937500          272        16.00
     626.175     0.943750          276        17.78
     626.175     0.950000          276        20.00
     646.143     0.956250          278        22.86
     652.799     0.962500          280        26.67
     660.991     0.968750          281        32.00
     670.207     0.971875          282        35.56
     688.639     0.975000          283        40.00
     692.223     0.978125          284        45.71
     726.015     0.981250          285        53.33
     750.591     0.984375          286        64.00
     750.591     0.985938          286        71.11
     833.023     0.987500          287        80.00
     833.023     0.989062          287        91.43
     873.983     0.990625          288       106.67
     873.983     0.992188          288       128.00
     873.983     0.992969          288       142.22
    1021.439     0.993750          289       160.00
    1021.439     0.994531          289       182.86
    1021.439     0.995313          289       213.33
    1021.439     0.996094          289       256.00
    1021.439     0.996484          289       284.44
    1670.143     0.996875          290       320.00
    1670.143     1.000000          290          inf
#[Mean    =      378.377, StdDeviation   =      200.105]
#[Max     =     1669.120, Total count    =          290]
#[Buckets =           27, SubBuckets     =         2048]
----------------------------------------------------------
  300 requests in 5.00m, 389.64KB read
Requests/sec:      1.00
Transfer/sec:      1.30KB
