procs -----------------------memory---------------------- ---swap-- -----io---- -system-- --------cpu--------
 r  b         swpd         free         buff        cache   si   so    bi    bo   in   cs  us  sy  id  wa  st
 1  0       423024     11324568      1326424     10861016    0    0    55    47    4    3   5   1  92   3   0
 3  1       422000     11324136      1326424     10861100   12    0  5756     0 19298 53288  41   4  54   2   0
 3  2       422000     11323040      1326424     10860868    0    0  4304     0 37253 124207  43   6  46   5   0
 0  0       421232     11322444      1326424     10860884    0    0  3504     0 14388 45526  41   4  55   1   0
 0  0       420976     11321576      1326424     10861152    0    0  2064    40 6387 16262  36   3  60   1   0
18  1       420720     11320164      1326424     10861024    4    0  2996     0 9677 32129  36   3  60   1   0
48  0       420720     11319684      1326432     10860532    0    0  3872    80 9798 25507  39   4  57   1   0
48  0       420208     11319296      1326432     10860464    0    0  3696     0 6102 15052  40   3  56   0   0
 5  0       419696     11316356      1326432     10860444    0    0 18816    60 26524 76707  54   4  41   2   0
 2  7       419184     11316080      1326432     10860508    0    0 22592     0 58547 165969  53   5  35   6   0
 1  0       419184     11315156      1326432     10860496    0    0 26384    12 67049 232533  48   5  36  10   0
 1  1       418928     11315404      1326432     10860548    0    0 24960     0 47656 175115  56   6  28  10   0
10  2       418928     11314608      1326432     10860824    8    0 13016     0 32438 107774  42   7  50   2   0
 8  3       418928     11313756      1326432     10861048    0    0 53536     0 46520 183229  71   5  17   8   0
 5  2       418160     11314264      1326440     10860752    0    0 47728    36 48750 180739  68   4  22   7   0
 0  0       417904     11313680      1326440     10860528    0    0 40960     0 41801 188380  54   4  33   9   0
 1  0       417904     11313544      1326440     10860552    0    0  7456    12 50680 259359  29   9  51  11   0
35  2       417904     11312996      1326440     10860528    0    0  4320     0 10676 42653  39   5  55   1   0
47  4       417904     11312544      1326440     10860812    0    0  3904     0 14885 44820  43   5  51   1   0
50  0       417136     11305504      1326440     10868116    0    0  3408   152 8247 25878  42   4  54   0   0
 0  0       417136     11298676      1326440     10871556    0    0  4112     0 7181 22114  37   3  58   1   0
procs -----------------------memory---------------------- ---swap-- -----io---- -system-- --------cpu--------
 r  b         swpd         free         buff        cache   si   so    bi    bo   in   cs  us  sy  id  wa  st
10  2       417136     11304776      1326440     10865372    0    0  3392     0 12226 44252  28   2  67   2   0
 0  0       416880     11301376      1326440     10868596    0    0  2112    12 13014 32144  37   3  58   2   0
 0  0       416880     11301516      1326440     10868316    0    0  1392     0 3621 8543  35   3  62   0   0
 0  0       416624     11302644      1326440     10867020    0    0  3616     4 5182 12400  36   3  61   0   0
 0  0       416624     11299880      1326440     10869392    0    0  2864     0 10225 28697  34   4  61   1   0
 0  0       416624     11304084      1326440     10865024    0    0  2528     0 7464 18054  34   4  63   0   0
 0  0       416624     11304956      1326440     10863940    0    0  2160     0 3897 9442  36   3  61   0   0
 0  0       416624     11298980      1326440     10870020    0    0 18560    12 18106 67810  39   5  54   3   0
20  7       416624     11294184      1326440     10875068    0    0 45680     0 43682 127323  68   4  25   4   0
 3  3       416112     11298460      1326440     10869476    0    0 39232     0 54563 255068  62   7  20  11   0
 2  2       415856     11300068      1326440     10869200    0    0 45008     0 51005 207616  63   6  21  10   0
30  1       415344     11299252      1326440     10868708    0    0 55568     0 57379 233317  61   5  22  12   0
34  5       415088     11304100      1326440     10863828    0    0 47776     0 51498 189111  63   4  26   7   0
 0  3       415088     11303484      1326440     10864540    0    0 12176   176 37600 165758  38   7  46   9   0
 1  0       414832     11306096      1326440     10861020    0    0  4320     8 24785 72905  38   6  53   4   0
 0  0       414576     11299724      1326440     10867796    0    0  2784     0 7224 20726  36   3  61   0   0
 1  0       414576     11292960      1326440     10874876    0    0  3872     0 7876 20874  39   3  58   1   0
 0  0       414576     11296076      1326440     10871384    0    0  2704     0 7481 18364  33   3  64   0   0
 0  0       414576     11299068      1326444     10868360    0    0  2976    64 7883 19022  39   2  58   1   0
 8  0       414320     11298912      1326444     10867876    0    0 21904    48 18958 52393  60   3  36   2   0
42  4       414320     11291772      1326444     10875004    0    0 57264     0 38083 85443  73   2  23   1   0
procs -----------------------memory---------------------- ---swap-- -----io---- -system-- --------cpu--------
 r  b         swpd         free         buff        cache   si   so    bi    bo   in   cs  us  sy  id  wa  st
49  2       414320     11287784      1326444     10874992    0    0  5136     0 19046 65878  32   6  59   3   0
54  2       414320     11284808      1326444     10875008    0    0  6528     0 18875 65234  45   4  49   2   0
14  3       414320     11284784      1326444     10875508    0    0  4000    28 13068 38574  40   4  56   1   0
 0  6       414320     11292360      1326448     10867936    0    0  3088    12 24144 99272  37   4  55   5   0
 8  0       414320     11297996      1326448     10860844    0    0  6896     0 10773 33039  43   3  53   1   0
 0  0       414320     11298152      1326448     10860692    0    0  3728     0 18371 42450  39   3  56   2   0
 0  0       414320     11283196      1326448     10875852    0    0  2912     0 3912 9321  33   3  64   0   0
 0  0       414320     11283816      1326448     10875016    0    0  3552   256 12999 36914  36   3  59   1   0
 0  0       414320     11283056      1326448     10875004    0    0  2368     0 4330 10500  33   3  63   0   0
 0  0       414320     11288144      1326452     10869804    0    0  1760    32 6908 23409  36   3  61   1   0
23  0       414320     11281320      1326452     10870436    0    0  2544     0 5945 14670  36   3  61   0   0
52  0       414320     11283584      1326452     10867840    0    0  3952     0 8244 21390  44   3  53   0   0
49  0       414064     11277120      1326452     10867824    0    0  2400    24 6199 17741  41   3  56   0   0
47  0       414064     11274168      1326452     10870368    0    0  1680     8 5873 15415  36   3  61   0   0
 0  0       414064     11273416      1326452     10870600    0    0  4304     0 11022 26346  41   3  56   1   0
 0  0       414064     11275460      1326456     10868368    0    0  2688    12 5315 12270  35   3  62   1   0
 0  0       414064     11276232      1326456     10867856    0    0  3088     0 5379 12242  39   3  59   0   0
 0  0       414064     11269540      1326456     10875020    0    0  3920     0 9544 23549  35   4  60   1   0
 0  0       414064     11268844      1326456     10875512    0    0  3312     4 9303 29494  39   3  57   1   0
 0  0       414064     11268780      1326456     10875512    0    0  3888     0 5840 14827  40   2  58   0   0
 0  0       414064     11281988      1326456     10860664    0    0  3984     0 9939 25013  37   3  59   1   0
procs -----------------------memory---------------------- ---swap-- -----io---- -system-- --------cpu--------
 r  b         swpd         free         buff        cache   si   so    bi    bo   in   cs  us  sy  id  wa  st
 2  0       414064     11282044      1326460     10860656    0    0  1712    12 5638 14998  35   3  61   1   0
34  0       414064     11272300      1326460     10867836    0    0  2448    20 5957 13992  40   3  57   0   0
48  1       414064     11261420      1326460     10877416    0    0  2960     4 4152 10082  40   3  56   0   0
47  0       414064     11261476      1326460     10877316    0    0  2240   124 4774 11870  40   2  57   0   0
44  0       414064     11271092      1326472     10867780    0    0  3888    36 7346 17114  48   3  49   1   0
 8  1       414064     11271000      1326472     10867948    0    0  2352     0 4648 11829  38   3  59   0   0
 0  2       413552     11263248      1326476     10875460    0    0  5056    12 12148 33641  37   4  58   2   0
 8  0       413552     11263332      1326476     10875440    0    0 54160    52 35493 92810  73   3  22   2   0
 8  0       413552     11270964      1326476     10867780    0    0 24304     0 55554 233240  44   8  38  10   0
 0  0       413552     11263848      1326476     10874816    0    0  4736     0 14069 38322  40   3  56   1   0
 8  0       413296     11263060      1326476     10875472    0    0 46032     0 27918 79083  72   5  22   1   0
 1  0       413296     11263276      1326476     10875460    0    0 35488    20 36869 129220  43   4  48   5   0
 1  0       413296     11261456      1326480     10877024    0    0  5424    12 36135 181348  35   9  50   6   0
27  6       413296     11261500      1326480     10877232    0    0 53840    48 29019 104911  84   4  10   2   0
36  2       413040     11262632      1326480     10875540    0    0 57104     0 44260 245036  76   7  11   6   0
20  5       413040     11270096      1326480     10867756    0    0 31168     0 36829 120187  55   6  35   3   0
 6  5       413040     11270060      1326492     10867788    0    0  4480    76 43158 171700  36   8  48   8   0
19  0       413040     11269352      1326492     10867796    0    0  8320     8 29258 104293  49   5  41   4   0
 0  0       413040     11270408      1326496     10867792    0    0  4256    12 19243 58363  35   5  58   2   0
 1  0       413040     11276948      1326496     10861136    0    0  3152     0 7001 18271  36   3  61   0   0
 0  0       413040     11276496      1326496     10861148    0    0  4000     0 12632 36330  36   4  59   1   0
procs -----------------------memory---------------------- ---swap-- -----io---- -system-- --------cpu--------
 r  b         swpd         free         buff        cache   si   so    bi    bo   in   cs  us  sy  id  wa  st
 3  0       412784     11276592      1326496     10860636    0    0  3136     0 9313 23305  35   3  62   1   0
 0  0       412784     11276496      1326496     10860632    0    0  2976     0 8007 20995  37   3  59   0   0
 1  0       412784     11276408      1326500     10860624    0    0 15248    12 26421 103621  38   4  53   5   0
10  2       412784     11276552      1326500     10860632    0    0 39248     0 57193 243324  54   6  28  12   0
41  1       412784     11276540      1326500     10860612    0    0 45264     0 49471 144849  60   3  32   5   0
32  6       412784     11275964      1326500     10861128    0    0  3360     0 20464 61571  30   5  64   2   0
50  0       412784     11276260      1326500     10860628    0    0  6496     0 20560 63040  37   5  56   2   0
 3  7       412784     11276152      1326500     10860644    0    0 27312     0 27064 101099  56   4  36   4   0
26  3       412784     11276472      1326504     10860624    0    0 46608    12 54252 215961  60   8  20  12   0
 2  1       412784     11269040      1326504     10867804    0    0 40128     0 45760 185718  65   4  24   6   0
 2  0       412784     11261412      1326504     10875316    0    0 41168     0 35204 107233  57   3  36   4   0
 8  0       412528     11261228      1326504     10875500    0    0 17616     0 55938 271538  42  12  37   9   0
16  0       412272     11275956      1326504     10860688    0    0 59712    48 30227 119506  84   4   9   3   0
 8  0       412272     11267020      1326504     10869832    0    0 62336    20 31964 106010  85   4   9   2   0
30  2       412272     11266632      1326504     10870260    0    0 19680    40 85783 388755  35  13  29  23   0
20  8       412016     11268244      1326504     10868440    0    0 29520     0 75085 428099  50  10  14  26   0
35  5       411504     11268288      1326504     10868780    0    0 45088   120 58837 246909  55   7  24  15   0
13  7       411504     11268540      1326504     10867812    0    0 38112    56 39581 134739  69   5  15  11   0
 8  6       411504     11275436      1326504     10860752    0    0  6016     0 46641 205441  36  13  44   8   0
32  2       411248     11274272      1326508     10862568    0    0  6640    12 35881 193807  52   8  31   9   0
 8  0       411248     11272424      1326508     10864680    0    0 14944     0 52731 173431  52   6  36   7   0
procs -----------------------memory---------------------- ---swap-- -----io---- -system-- --------cpu--------
 r  b         swpd         free         buff        cache   si   so    bi    bo   in   cs  us  sy  id  wa  st
10  0       411248     11274504      1326508     10862640    0    0 44896     0 44874 146742  70   5  21   5   0
 0  0       411248     11275992      1326508     10861140    0    0 34544    12 41019 148487  61   6  24   9   0
 0  0       411248     11272212      1326508     10864344    0    0  6048     0 22410 69434  34   5  58   3   0
 0  0       411248     11270648      1326508     10866876    0    0  3680     0 9394 33207  40   3  56   0   0
 0  0       411248     11271456      1326512     10866476    0    0 42864   196 36960 120818  66   4  27   3   0
 3  2       411248     11267548      1326512     10869444    0    0 39328     0 59657 252331  57   6  28   9   0
25  0       411248     11267212      1326512     10869572    0    0  5472     8 25944 108262  30   5  58   7   0
 5  7       411248     11265460      1326512     10870908    0    0 50032    80 33434 114837  79   5  13   3   0
15  0       411248     11258036      1326512     10878224    0    0 34688     0 39911 153773  70   5  18   7   0
35  1       411248     11260104      1326512     10875608    0    0  2928     0 6446 20749  23   3  73   1   0
 0  0       410992     11263532      1326516     10872604    0    0  2864    32 10135 24913  35   4  61   1   0
 1  2       410992     11261304      1326516     10874644    0    0 30688     0 31228 81677  49   3  44   4   0
 7  3       410992     11263868      1326516     10872604    0    0 47872     0 62375 282647  57   6  20  16   0
14  7       410992     11261092      1326516     10875632    0    0 59568     0 56792 275905  64   9  16  12   0
 0  8       410992     11261224      1326516     10875108    0    0 58928     0 53551 217793  64   8  14  15   0
 1  9       410992     11268084      1326520     10868100    0    0 51040    12 85485 275061  30   9  18  44   0
 1 11       410992     11274916      1326520     10860932    0    0 52000     0 79551 292997  37  10  14  39   0
20  5       410992     11274960      1326520     10860772    0    0 63968    24 84679 289232  33   7  15  45   0
31  5       410992     11266152      1326520     10868744    0    0 56608     0 63885 195953  51   6  16  27   0
 4 15       410992     11266432      1326520     10868456    0    0 30816     0 60819 172368  50   4  24  22   0
44  3       409968     11266352      1326520     10867960    0    0 13472     0 25418 58852  65   4  15  16   0
procs -----------------------memory---------------------- ---swap-- -----io---- -system-- --------cpu--------
 r  b         swpd         free         buff        cache   si   so    bi    bo   in   cs  us  sy  id  wa  st
 8  2       409968     11262976      1326524     10871816    0    0  3424    40 57562 253702  32  10  48  11   0
 2  1       409968     11262604      1326524     10872100    0    0  2832     0 13793 37670  35   4  61   1   0
 7  0       409968     11268344      1326528     10866388    0    0 23712   136 35342 97851  46   3  49   2   0
 1  0       409968     11272152      1326528     10862932    0    0 39312     0 55659 147323  54   4  38   4   0
 8  7       409712     11272924      1326528     10861544    0    0 44272     0 67918 339422  53   8  24  15   0
 1  0       409712     11274160      1326532     10860788    0    0 29552    60 59463 225970  55   8  22  15   0
 5  0       409712     11273792      1326532     10861348    0    0 47088     0 30289 82589  79   4  14   3   0
 0  0       409712     11266336      1326532     10868740    0    0  2224     0 8436 24414  31   4  65   0   0
 0  1       409456     11267056      1326532     10868188    0    0 31472     0 57902 193855  51   8  30  11   0
18  6       409456     11266580      1326532     10868460    0    0 42608     0 41270 148882  70   6  19   5   0
43  1       409456     11267352      1326532     10867948    0    0 15712     0 20666 59248  49   4  45   2   0
44  0       409456     11267360      1326536     10868240    0    0  2944    20 13489 45719  36   4  59   1   0
39  1       409456     11267420      1326536     10868460    0    0  5216     0 12971 35422  40   4  55   1   0
 2  0       409456     11267340      1326536     10868172    0    0  2672     0 5732 14349  38   2  59   1   0
 3  6       409456     11267080      1326536     10868484    0    0 23440     0 38055 142025  46   3  42   9   0
18  4       409456     11267208      1326536     10867964    0    0 28608     0 64297 271663  56   6  24  14   0
12  3       409456     11266952      1326536     10868440    0    0 38368    32 60881 255800  59   6  21  14   0
15  2       409456     11266600      1326536     10868488    0    0 44832     0 38777 129034  75   4  11  10   0
 1  0       409456     11267036      1326536     10867952    0    0 10688     0 30053 80484  41   5  44  10   0
 0  0       409456     11266552      1326536     10868464    0    0  3920     0 26710 109737  30   8  59   3   0
13  1       409456     11266980      1326536     10868180    0    0 35472     0 42227 120413  62   4  30   4   0
procs -----------------------memory---------------------- ---swap-- -----io---- -system-- --------cpu--------
 r  b         swpd         free         buff        cache   si   so    bi    bo   in   cs  us  sy  id  wa  st
21  8       409456     11266244      1326536     10868464    0    0 25440     8 72106 318080  47   8  28  16   0
11 12       409456     11266280      1326536     10868468    0    0 11296    12 100126 508717  26  16  27  31   0
32  5       409456     11267164      1326536     10867948    0    0 23136     0 50375 189669  53   8  27  12   0
15  1       409456     11266160      1326536     10868464    0    0  5952     0 58272 213911  39  10  43   8   0
 1  2       409456     11266104      1326536     10868468    0    0 11280     0 44282 138419  41   7  49   4   0
 5  5       409456     11266352      1326536     10867952    0    0 22896     4 62914 214180  51   7  34   9   0
11  5       409456     11265848      1326536     10868464    0    0  9424     0 85708 373694  37  14  32  17   0
11  0       409456     11266344      1326536     10867952    0    0  9712    12 82605 308916  36  10  30  24   0
 9  0       409456     11265788      1326536     10868464    0    0 25872     0 63849 172303  48   4  28  20   0
 9  0       409456     11266124      1326536     10868464    0    0 17120     0 68476 182902  43   6  29  22   0
 1  0       409200     11266064      1326536     10867904    0    0 15776     0 38894 93197  53   5  23  19   0
48  2       409200     11265880      1326536     10868464    0    0  3472    12 13260 54586  32   3  63   2   0
47  2       409200     11266092      1326536     10868168    0    0  3072     0 8050 21477  39   4  56   0   0
47  1       409200     11265516      1326536     10868248    0    0  2384    12 12645 37883  36   4  59   1   0
28  4       409200     11265532      1326536     10868468    0    0  3680     0 20328 57242  39   5  54   2   0
 0  1       409200     11266444      1326536     10867956    0    0  4672    68 22116 56987  37   4  56   3   0
10  0       409200     11266108      1326536     10868472    0    0 25616    80 63253 185243  52   5  40   4   0
 4  3       409200     11266532      1326536     10867956    0    0 32128     0 69023 263694  49   5  35  11   0
 3 11       409200     11266588      1326536     10867948    0    0 28112     0 71047 245449  44   6  30  19   0
 0  0       408688     11266104      1326540     10868232    0    0  8928    20 75184 318005  37  10  31  22   0
 0  3       408688     11266260      1326540     10867972    0    0  4656     0 61440 265783  44   9  35  12   0
procs -----------------------memory---------------------- ---swap-- -----io---- -system-- --------cpu--------
 r  b         swpd         free         buff        cache   si   so    bi    bo   in   cs  us  sy  id  wa  st
 1  0       408688     11266332      1326540     10868472    0    0  3312     0 38926 132300  33   6  55   6   0
 0  0       408688     11266784      1326540     10868472    0    0  2736     0 14463 43679  32   5  62   1   0
46  0       408688     11266768      1326540     10867960    0    0  3344     0 42060 125881  40   6  48   6   0
50  0       408688     11266748      1326540     10868248    0    0  3296     0 15807 52098  40   4  54   2   0
47  0       408688     11266756      1326544     10868072    0    0  2352    12 15165 55844  38   5  56   2   0
29  4       408688     11266136      1326544     10868584    0    0  2960     0 11737 33440  44   3  53   1   0
 0  0       408688     11266484      1326544     10868280    0    0  3824     0 13222 38161  40   4  53   3   0
 0  1       408688     11266316      1326544     10868652    0    0  2928     0 12910 34308  33   3  63   2   0
14  1       408688     11266356      1326544     10868644    0    0 17616     0 38804 102963  32   3  55   9   0
19  2       408688     11266804      1326544     10868072    0    0 31664    40 54240 184986  60   4  30   6   0
 0  0       408688     11266500      1326548     10868584    0    0 27552    28 69290 267001  49   6  34  10   0
 1  0       408688     11266112      1326548     10868296    0    0 30288     0 68479 256729  46   7  34  13   0
 8  0       408688     11266216      1326548     10868584    0    0 48112     0 44249 144199  70   4  24   3   0
16  4       408432     11265932      1326548     10868588    0    0 42896     0 70120 241740  46   6  31  17   0
32 12       408176     11266656      1326548     10868076    0    0 33680     8 84085 329332  34   9  17  40   0
 3 12       407920     11266696      1326548     10868596    0    0 42736     4 65486 227474  48   9  27  16   0
 4 12       407664     11266680      1326552     10868076    0    0 48992    12 59386 192905  49   4  32  15   0
12  7       407408     11265668      1326552     10868596    0    0 26880     0 65250 197263  42   6  27  25   0
31  4       407408     11265756      1326552     10868596    0    0  3088     0 22532 98596  37   6  54   4   0
 0  0       407408     11266172      1326552     10868308    0    0  3520     0 18844 72027  37   3  56   4   0
 0  0       407408     11265648      1326552     10868596    0    0  2816     8 16572 51198  35   4  60   1   0
procs -----------------------memory---------------------- ---swap-- -----io---- -system-- --------cpu--------
 r  b         swpd         free         buff        cache   si   so    bi    bo   in   cs  us  sy  id  wa  st
 3  1       407408     11265500      1326560     10868596    0    0  3088    52 9415 22422  37   3  58   1   0
 0  0       407408     11266316      1326564     10868080    0    0  2272     0 7007 18034  36   3  60   1   0
 0  0       407408     11265864      1326568     10868376    0    0  3744   140 12104 36029  34   4  61   1   0
 1  0       407408     11266088      1326568     10868084    0    0  9296     0 21430 53849  47   3  49   1   0
19  4       407408     11265764      1326568     10868596    0    0 33184   100 57298 186033  57   5  33   5   0
13  8       407408     11265884      1326568     10868596    0    0 25248   184 76617 358731  45  11  30  15   0
44  2       407408     11265872      1326568     10868084    0    0 20624    20 51533 190564  50   5  32  12   0
40  1       407408     11265872      1326568     10868600    0    0  6432     0 33123 103172  44   7  45   4   0
 1  2       407408     11266212      1326568     10868088    0    0  3664     0 21784 67098  40   4  53   3   0
 1  2       407408     11265872      1326568     10868600    0    0  3600     8 21482 65108  33   4  60   3   0
 1  1       407408     11265624      1326568     10868880    0    0  4528    20 17708 50833  40   2  55   2   0
 0  0       407408     11265256      1326568     10868884    0    0  3424     0 9077 26405  33   4  61   3   0
 0  0       407408     11269652      1326572     10863932    0    0  4912    12 23107 73680  42   4  50   4   0
 1  0       407408     11263044      1326572     10870660    0    0  2112     0 14464 46111  34   4  61   1   0
 0  0       407408     11263020      1326572     10870656    0    0  3248    20 12421 43430  32   6  61   1   0
 0  0       407408     11263020      1326572     10870656    0    0  2560     0 14079 39870  36   3  60   2   0
41  2       407408     11265252      1326572     10868608    0    0  2112     0 6745 16199  35   4  62   0   0
49  0       407408     11265748      1326572     10868096    0    0  2000    20 6492 17948  36   3  61   0   0
 2  2       407408     11263612      1326576     10870656    0    0 17936    12 32227 106181  47   4  45   3   0
22  3       407408     11263484      1326576     10870656    0    0 43248    20 57219 242350  58   6  29   7   0
37  9       407408     11253692      1326576     10881408    0    0 45408     0 62659 282760  58   6  25  10   0
procs -----------------------memory---------------------- ---swap-- -----io---- -system-- --------cpu--------
 r  b         swpd         free         buff        cache   si   so    bi    bo   in   cs  us  sy  id  wa  st
28 13       407408     11256108      1326576     10878852    0    0 51744    20 72794 298018  49   8  22  22   0
16  1       407408     11261116      1326576     10873732    0    0 51008     0 72560 284192  48   8  21  23   0
13  6       407408     11260280      1326576     10873728    0    0  7696     0 45888 186069  25   8  57  10   0
 0  0       407408     11264744      1326580     10868608    0    0  6144    32 76729 381550  30  12  41  17   0
 0  0       407408     11264884      1326580     10868608    0    0 19216    12 51281 188913  47   5  42   6   0
 9  0       407408     11271888      1326580     10860928    0    0 35136     0 56152 203700  57   5  32   6   0
 0  0       407152     11272168      1326580     10860932    0    0 31536     0 57926 225311  44   5  39  12   0
29  7       407152     11271528      1326580     10861444    0    0 48384     0 18591 61213  58   4  35   3   0
33  4       407152     11272056      1326580     10860940    0    0 47952     8 82180 354513  40   8  29  23   0
 9 10       407152     11272088      1326584     10860932    0    0 25536    12 62744 217517  49   6  31  14   0
 2  6       407152     11271748      1326584     10861444    0    0  6224     0 31735 92165  38   5  51   7   0
 1  1       407152     11271716      1326584     10861444    0    0  4880     0 34168 134114  42   7  45   6   0
 0  0       407152     11272244      1326584     10860932    0    0  4144     0 18962 61409  37   4  57   2   0
 0  0       407152     11271572      1326584     10860932    0    0  3264    56 15531 52023  35   4  59   2   0
 0  0       407152     11271036      1326584     10861444    0    0 17952    88 42533 113063  47   3  47   4   0
 9  2       407152     11271068      1326588     10860932    0    0 12144    24 84357 455696  39  12  26  23   0
 8  0       407152     11271068      1326588     10860932    0    0 37776     0 56873 180425  55   4  36   6   0
21  1       407152     11270320      1326588     10862456    0    0 31792     0 61505 215287  52   5  25  18   0
15  0       407152     11270492      1326588     10862236    0    0 52000    20 45743 168865  62   4  20  14   0
43  5       407152     11267712      1326588     10862404    0    0 54960     0 20073 45102  80   3   8   8   0
49  4       407152     11261536      1326588     10861804    0    0 11392     4 18851 81762  90   5   4   1   0
procs -----------------------memory---------------------- ---swap-- -----io---- -system-- --------cpu--------
 r  b         swpd         free         buff        cache   si   so    bi    bo   in   cs  us  sy  id  wa  st
46  3       407152     11261164      1326592     10861720    0    0  5584    12 21234 110342  90   6   2   2   0
42  2       407152     11261040      1326592     10861700    0    0  4480     0 11546 35178  84   5  11   0   0
14  5       407152     11258700      1326592     10860992    0    0 30160     0 26169 86862  85   4   9   1   0
28  1       407152     11258340      1326592     10860992    0    0 36576    92 45128 199521  73   8   9  10   0
14  1       407152     11258080      1326592     10861708    0    0 40640     8 55620 215313  62   7  23   8   0
 4 13       407152     11258064      1326592     10861196    0    0 33328   188 69962 271803  46   9  24  21   0
 6  4       407152     11258044      1326596     10861188    0    0 30016    12 80741 288496  37  10  11  43   0
 2  0       407152     11257996      1326596     10861788    0    0 48160   176 52501 153423  42   5  38  15   0
 2  0       407408     11257560      1326596     10861676    0    0 32416     4 23923 75223  29   3  57  10   0
18  0       407408     11257908      1326596     10861164    0    0  4432     0 32992 119495  34   8  54   4   0
37  4       407408     11257908      1326596     10861164    0    0  4960     0 8434 22609  43   4  53   0   0
21  1       407408     11257520      1326596     10861420    0    0 56080     0 29552 69867  81   3  14   2   0
16  3       407408     11258032      1326600     10861420    0    0 29840    12 29587 100200  50   3  37  10   0
12  1       407408     11258280      1326600     10860912    0    0  4656     0 12515 36095  38   4  57   1   0
 0  0       407152     11258280      1326600     10860912    0    0  3616     0 9493 26650  36   4  60   0   0
 1  0       407152     11258404      1326600     10861420    0    0  2912     0 8570 24747  33   3  63   0   0
 0  0       407152     11259024      1326600     10860908    0    0  2912     0 5765 15433  33   3  64   0   0
 0  0       407152     11259024      1326604     10860900    0    0  3984    12 9486 26145  32   4  64   1   0
 0  0       407152     11258360      1326604     10861412    0    0  2736     0 4216 9700  33   3  64   0   0
 8  0       407152     11258464      1326604     10861412    0    0 17808    12 13326 28827  52   3  45   0   0
 8  0       407152     11258792      1326612     10860900    0    0 53280   276 38667 105263  72   3  23   1   0
procs -----------------------memory---------------------- ---swap-- -----io---- -system-- --------cpu--------
 r  b         swpd         free         buff        cache   si   so    bi    bo   in   cs  us  sy  id  wa  st
39  2       407152     11258916      1326612     10860900    0    0 11440     0 18515 45947  36   3  59   2   0
21  3       407152     11258216      1326612     10861416    0    0 30816     0 32080 110064  71   5  20   3   0
 1  6       407152     11258404      1326616     10860904    0    0 49808    80 48623 199990  67   6  19   8   0
40  2       406896     11258884      1326616     10860912    0    0 10448     0 44652 217773  43  10  39   7   0
 8  1       406896     11258296      1326616     10861424    0    0  5584     0 15036 47505  37   5  57   2   0
 2  1       406896     11258264      1326616     10861424    0    0  6336     0 23853 67036  40   4  53   3   0
 0  0       406896     11258760      1326616     10860912    0    0  3008     0 7311 16695  33   3  64   0   0
 0  0       406896     11258892      1326616     10860912    0    0  2272     0 5427 12451  34   3  63   0   0
 0  0       406896     11258512      1326620     10861424    0    0  3328   308 7066 17447  35   3  62   1   0
 0  0       406896     11258528      1326620     10861424    0    0  3616     0 6870 17499  38   3  59   0   0
 0  0       406896     11259008      1326620     10860912    0    0  3296     0 8426 23910  37   3  60   0   0
 0  0       406896     11258528      1326620     10861424    0    0  2752     0 7080 19526  35   2  63   1   0
47  2       406896     11258248      1326620     10861424    0    0 45376     0 33129 124478  51   4  33  12   0
16  6       406896     11258588      1326620     10860912    0    0 57024  6104 62620 229056  43   5  35  17   0
25  4       406640     11258524      1326624     10860912    0    0 45808    12 67669 338690  52   9  24  15   0
 2  6       406640     11258124      1326624     10861428    0    0  6528   188 25671 105840  32   9  56   3   0
 1  6       406640     11258124      1326624     10861428    0    0  9360     0 45950 207426  47  10  36   6   0
15  1       406640     11258080      1326624     10860916    0    0  4640     0 30504 134783  39   7  48   5   0
 0  0       406640     11258280      1326624     10860916    0    0  3632 82520 7687 18388  35   3  61   1   0
 0  0       406640     11258280      1326628     10861432    0    0  2336    12 5674 14469  34   3  63   1   0
 3  0       406640     11258808      1326628     10860916    0    0 25600     0 33175 76286  57   3  38   3   0
procs -----------------------memory---------------------- ---swap-- -----io---- -system-- --------cpu--------
 r  b         swpd         free         buff        cache   si   so    bi    bo   in   cs  us  sy  id  wa  st
 5  3       406640     11258744      1326628     10860920    0    0 39616     0 49578 219672  72   6  14   8   0
 9  0       406640     11258416      1326628     10860964    0    0 60000     0 55570 247000  67   6  20   6   0
18  5       406640     11255816      1326628     10863956    0    0 56448     0 76643 336317  44   7  17  32   0
41  0       406640     11253712      1326636     10865392    0    0 67664   192 49083 189939  67   5  13  16   0
24 11       406640     11243292      1326640     10876184    0    0 38160 46528 54737 215007  65   7   4  24   0
 9  7       406896     11243804      1326640     10875672    0    0 44992     0 74839 303953  44   8  12  36   0
23  9       406640     11250468      1326640     10868504    0    0 35440   120 65609 222108  51   8  11  30   0
17  4       406640     11250124      1326640     10869296    0    0 54592     0 46809 147997  66   5  13  16   0
 3  6       406640     11257260      1326640     10862128    0    0 51008     0 64847 218713  48   6  22  23   0
16  7       406640     11257728      1326640     10861084    0    0 45408     0 74197 238667  41   6  14  39   0
 1 12       406896     11258240      1326644     10861092    0    0 38528    12 83889 302978  34   9  14  44   0
13  4       406896     11257496      1326644     10861084    0    0 55984     0 72228 227078  44   7  14  35   0
 0  0       406896     11257744      1326644     10861088    0    0 56144   268 61650 153524  45   4  23  28   0
 2  6       406896     11257852      1326644     10861088    0    0 45008     0 63606 175752  39   5  15  41   0
17  1       406896     11257232      1326644     10861600    4    0 14692   152 16727 46122  41   4  48   7   0
46  0       406896     11257232      1326648     10861600    0    0  3264    24 93881 541681  25  21  30  24   0
47  0       406896     11257604      1326648     10861088    0    0  3648     0 12990 34795  39   4  56   1   0
45  0       406896     11257852      1326648     10861096    0    0  3568     0 14507 37446  40   3  56   1   0
 0  2       406896     11257852      1326648     10861096    0    0  4576     0 49740 191898  40   8  42  10   0
 0  0       406896     11257852      1326648     10861096    0    0  1808     0 22172 53201  35   3  58   4   0
 0  1       406896     11257852      1326652     10861096    0    0  3984    12 46265 162569  40   6  44  10   0
procs -----------------------memory---------------------- ---swap-- -----io---- -system-- --------cpu--------
 r  b         swpd         free         buff        cache   si   so    bi    bo   in   cs  us  sy  id  wa  st
19  2       406896     11257356      1326652     10861616    0    0  5040     0 31796 112671  43   6  47   5   0
 0  0       406640     11257728      1326652     10861516    0    0  2416     0 53667 195633  34   8  47  11   0
 0  0       406640     11258256      1326652     10861004    0    0  4480     0 23594 72400  39   5  53   3   0
 0  0       406640     11258348      1326652     10860940    0    0  2688 22740 14271 48762  37   3  58   2   0
53 22       406640     11253844      1326652     10860956    0    0  6928     0 30025 147552  58   6  32   5   0
11 42       407128     11246632      1326656     10860944    0    0  6640    72 119430 1134691  29  18   0  54   0
50 32       407640     11246612      1326656     10860948    0    0  6644     0 140991 1483455  22  27   0  51   0
29 26       407384     11243760      1326656     10861460    0    0  6576     0 129052 1378441  34  26   0  40   0
65 27       407128     11243388      1326656     10861484    0    0  6768     0 141943 1486917  28  32   1  40   0
