$ vmstat -w 60
procs -----------------------memory---------------------- ---swap-- -----io---- -system-- --------cpu--------
 r  b         swpd         free         buff        cache   si   so    bi    bo   in   cs  us  sy  id  wa  st
13  0        73984       740124       735412      5525848    0    0     0   127 14238 23604  81  16   2   0   2
11  0        73984       715144       735412      5536704    0    0     0   202 14506 23964  80  16   3   0   2
14  0        73984       710940       735412      5547724    0    0     0   199 14287 23778  80  16   2   0   2
18  0        73984       699236       735412      5559344    0    0     0   209 14459 24188  80  16   2   0   2
18  0        73984       682620       735412      5570964    0    0     0   189 14400 24090  80  16   2   0   2
10  0        73984       673832       735412      5581008    0    0     0   181 13136 22065  75  15   2   0   8
10  0        73984       666628       735412      5591852    0    0     0   187 14481 24109  80  16   3   0   2
10  0        73984       652188       735412      5602704    0    0     0   158 14464 24271  80  16   2   0   2
12  0        73984       641048       735412      5613688    0    0     0   190 14477 24284  80  16   2   0   1
11  0        73984       631036       735416      5624576    0    0     0   220 14419 24345  80  16   2   0   2
10  0        73984       620416       735416      5635448    0    0     0   139 14478 24163  80  16   2   0   2
13  0        73984       609380       735416      5646392    0    0     0   232 14464 24149  80  16   2   0   2
 8  0        73984       597056       735416      5657308    0    0     0   158 14468 24140  80  16   3   0   2
19  0        73984       580148       735416      5668124    0    0     0   168 14274 24200  80  16   2   0   2
11  0        73984       443444       735416      5679000    0    0     0   187 14402 23854  80  16   2   0   2
 9  0        73984       343300       735416      5689680    0    0     0   186 14374 23794  80  16   2   0   2
 6  0        73984       259972       735416      5700492    0    0     0   214 14484 23796  80  16   2   0   1
